362.9095
0,(2.8, 0.0, -0.7),True,0.5330048,0.5330048,True
1,(2.8, 0.0, 2.1),True,3.120743,0.4553509,True
2,(0.7, 0.0, -1.4),True,6.274841,0.4442749,False
3,(0.7, 0.0, -3.5),False,0,0,False
4,(0.7, 0.0, -1.4),False,0,0,False
5,(3.5, 0.0, 0.7),False,0,0,False
6,(1.4, 0.0, 3.5),False,0,0,False
7,(2.8, 0.0, 0.7),True,16.25922,0.7109489,False
8,(0.7, 0.0, 1.4),True,18.65804,0.6328583,False
9,(0.7, 0.0, 2.8),True,20.47951,0.6442757,False
10,(-0.7, 0.0, 0.7),True,22.17871,0.5776749,False
11,(-0.7, 0.0, 3.5),False,0,0,False
12,(-0.7, 0.0, -3.5),False,0,0,False
13,(-0.7, 0.0, 0.7),True,29.39744,0.3553543,False
14,(1.4, 0.0, -0.7),True,31.08561,0.4886131,False
15,(-1.4, 0.0, -2.1),True,32.67256,0.3541718,True
16,(0.7, 0.0, 2.8),True,35.60574,0.4109955,True
17,(-0.7, 0.0, -0.7),True,38.44897,0.3332443,True
18,(-2.1, 0.0, -1.4),True,40.75956,0.3117065,True
19,(-1.4, 0.0, -0.7),True,43.23538,0.3108978,True
20,(3.5, 0.0, -0.7),False,0,0,False
21,(-2.1, 0.0, -2.8),True,49.56587,0.7218704,True
22,(-2.1, 0.0, 2.8),True,51.22063,0.5664444,True
23,(-1.4, 0.0, 3.5),True,53.08642,0.7107849,True
24,(-1.4, 0.0, -2.1),True,54.98548,0.4552155,True
25,(-2.1, 0.0, 2.8),True,57.4288,0.4105911,True
26,(2.1, 0.0, 2.8),True,59.59457,0.6993637,True
27,(2.1, 0.0, -1.4),True,62.3709,0.5661163,True
28,(-1.4, 0.0, -3.5),False,0,0,False
29,(1.4, 0.0, 0.7),True,67.21336,0.3222198,True
30,(2.1, 0.0, -2.8),True,69.14555,0.6218719,True
31,(3.5, 0.0, -1.4),False,0,0,False
32,(-1.4, 0.0, -2.1),True,74.85423,0.3997879,True
33,(-2.1, 0.0, 1.4),True,78.11934,0.3888016,True
34,(3.5, 0.0, 0.7),False,0,0,False
35,(2.8, 0.0, -0.7),True,82.7728,0.5222473,True
36,(-2.8, 0.0, -2.1),True,85.43831,0.5221481,True
37,(0.7, 0.0, -2.8),True,87.23724,0.466568,True
38,(2.8, 0.0, -0.7),True,88.74759,0.4218369,True
39,(-1.4, 0.0, 3.5),True,91.59098,0.4442596,True
40,(0.7, 0.0, 0.7),True,94.2562,0.3553162,True
41,(-3.5, 0.0, 1.4),False,0,0,False
42,(3.5, 0.0, 1.4),False,0,0,False
43,(-2.8, 0.0, 2.1),True,100.2866,0.4441605,True
44,(-3.5, 0.0, 0.7),True,102.6191,0.5110855,True
45,(1.4, 0.0, -0.7),True,104.1407,0.376976,True
46,(-0.7, 0.0, 2.8),True,106.1729,0.4109192,True
47,(2.1, 0.0, 2.8),True,108.783,0.4554977,True
48,(3.5, 0.0, -1.4),False,0,0,False
49,(0.7, 0.0, -2.8),True,112.6589,0.5664063,True
50,(-1.4, 0.0, -0.7),True,114.7022,0.6108398,True
51,(1.4, 0.0, -2.1),True,117.4121,0.5441742,True
52,(-3.5, 0.0, -1.4),False,0,0,False
53,(2.8, 0.0, 0.7),True,121.1214,0.7329712,True
54,(-1.4, 0.0, 2.1),True,122.7318,0.7550201,True
55,(2.8, 0.0, -2.1),False,0,0,False
56,(1.4, 0.0, -2.1),True,126.1303,0.4330444,False
57,(-1.4, 0.0, 3.5),True,128.7845,0.6107483,True
58,(0.7, 0.0, -3.5),False,0,0,False
59,(-2.1, 0.0, 1.4),True,134.0822,0.388855,True
60,(-0.7, 0.0, 1.4),True,137.0252,0.4776001,True
61,(0.7, 0.0, -0.7),True,138.5356,0.5551147,False
62,(-3.5, 0.0, -0.7),False,0,0,False
63,(3.5, 0.0, 1.4),False,0,0,False
64,(2.1, 0.0, 1.4),True,147.2871,0.5775757,True
65,(-2.1, 0.0, 2.8),False,0,0,False
66,(2.8, 0.0, 0.7),True,152.7072,0.5111389,True
67,(0.7, 0.0, -1.4),True,154.7394,0.6221466,False
68,(3.5, 0.0, 1.4),False,0,0,False
69,(-0.7, 0.0, 2.8),True,157.8267,0.544342,True
70,(-1.4, 0.0, 0.7),True,159.2817,0.4549713,True
71,(2.8, 0.0, 2.1),True,160.9474,0.7216949,True
72,(0.7, 0.0, 3.5),True,162.3689,0.4773712,True
73,(-2.1, 0.0, 1.4),True,164.946,0.2779236,True
74,(-1.4, 0.0, 0.7),True,167.2111,0.4220123,True
75,(0.7, 0.0, 1.4),True,168.7335,0.4116821,True
76,(-2.8, 0.0, -2.1),True,170.8872,0.3664246,True
77,(2.1, 0.0, 1.4),True,173.6304,0.3332062,True
78,(1.4, 0.0, 0.7),True,175.1963,0.4219208,False
79,(-0.7, 0.0, -1.4),True,177.4396,0.4215851,True
80,(1.4, 0.0, 3.5),True,180.283,0.5217438,True
81,(-2.1, 0.0, -1.4),True,181.9713,0.3558197,False
82,(1.4, 0.0, -2.1),True,185.2029,0.3443909,True
83,(-0.7, 0.0, -0.7),True,188.3902,0.2888336,True
84,(-0.7, 0.0, 1.4),True,190.9667,0.3664551,True
85,(2.1, 0.0, 1.4),True,192.8772,0.4664917,True
86,(-2.8, 0.0, -0.7),True,194.4873,0.3774719,True
87,(0.7, 0.0, -3.5),True,197.9197,0.5556488,True
88,(-3.5, 0.0, 1.4),False,0,0,False
89,(-0.7, 0.0, -2.8),True,200.9845,0.544342,True
90,(0.7, 0.0, -0.7),True,202.3059,0.4331665,True
91,(3.5, 0.0, -0.7),False,0,0,False
92,(-2.1, 0.0, -2.8),True,206.0708,0.4330139,True
93,(-3.5, 0.0, -1.4),False,0,0,False
94,(2.8, 0.0, -2.1),False,0,0,False
95,(1.4, 0.0, -3.5),True,212.7677,0.5549927,True
96,(0.7, 0.0, 3.5),True,214.8667,0.6663971,True
97,(1.4, 0.0, -0.7),True,216.3105,0.6218719,True
98,(-2.8, 0.0, -0.7),True,218.9207,0.3557739,False
99,(1.4, 0.0, 0.7),True,221.497,0.3664551,True
100,(-3.5, 0.0, 0.7),True,223.4738,0.4664764,True
101,(-0.7, 0.0, 2.8),True,225.3842,0.4443665,True
102,(2.1, 0.0, -2.8),True,228.2938,0.4210205,True
103,(3.5, 0.0, -0.7),False,0,0,False
104,(-3.5, 0.0, -1.4),False,0,0,False
105,(3.5, 0.0, -1.4),False,0,0,False
106,(-0.7, 0.0, -3.5),True,236.79,0.4553223,True
107,(2.1, 0.0, -1.4),True,239.4775,0.3998718,True
108,(-2.8, 0.0, 0.7),True,241.2658,0.3223267,True
109,(-0.7, 0.0, 3.5),True,243.4869,0.5108948,True
110,(-1.4, 0.0, -3.5),False,0,0,False
111,(0.7, 0.0, 2.8),True,247.3852,0.3999023,True
112,(-0.7, 0.0, -0.7),True,249.3398,0.444458,True
113,(-2.8, 0.0, -0.7),True,251.3055,0.3887939,True
114,(2.8, 0.0, 2.1),True,252.7491,0.4773254,True
115,(1.4, 0.0, 2.1),True,255.0369,0.4663696,False
116,(-0.7, 0.0, 1.4),True,258.025,0.355896,True
117,(-2.8, 0.0, 2.1),True,259.5349,0.4553528,True
118,(2.1, 0.0, -2.8),True,261.9782,0.5664063,True
119,(-0.7, 0.0, -2.8),True,263.533,0.3774719,True
120,(-1.4, 0.0, -0.7),True,265.4988,0.3554077,True
121,(2.1, 0.0, -1.4),True,267.4313,0.3776855,True
122,(-0.7, 0.0, 0.7),True,269.9968,0.3109741,True
123,(0.7, 0.0, 3.5),True,272.94,0.4334412,True
124,(0.7, 0.0, -2.8),True,274.7501,0.6107788,True
125,(-0.7, 0.0, -2.8),True,277.2932,0.3330383,True
126,(-0.7, 0.0, -3.5),True,278.8925,0.5218201,True
127,(-0.7, 0.0, -1.4),True,280.6141,0.2778015,True
128,(0.7, 0.0, 0.7),True,282.3354,0.3220215,True
129,(-1.4, 0.0, 0.7),True,284.4789,0.2998962,True
130,(-3.5, 0.0, 0.7),True,286.3115,0.4775085,True
131,(1.4, 0.0, -3.5),True,289.4543,0.4997559,True
132,(3.5, 0.0, 0.7),False,0,0,False
133,(0.7, 0.0, 0.7),True,293.9301,0.377594,True
134,(-3.5, 0.0, 1.4),True,296.9843,0.4442444,True
135,(1.4, 0.0, 3.5),True,299.4167,0.622406,True
136,(0.7, 0.0, 1.4),True,301.8152,0.3443909,True
137,(-2.8, 0.0, 0.7),True,303.2256,0.4107666,True
138,(-1.4, 0.0, 2.1),True,305.2247,0.3553162,True
139,(-1.4, 0.0, -3.5),False,0,0,False
140,(2.1, 0.0, 2.8),True,309.8782,0.4550781,False
141,(-2.8, 0.0, 2.1),True,311.5663,0.5108948,True
142,(-0.7, 0.0, 3.5),True,314.1985,0.4998779,True
143,(1.4, 0.0, 2.1),True,315.6754,0.599762,True
144,(-2.8, 0.0, 0.7),True,317.7189,0.4109802,True
145,(-2.1, 0.0, -1.4),True,320.007,0.5777588,True
146,(1.4, 0.0, 2.1),True,322.7166,0.3554077,False
147,(-3.5, 0.0, -0.7),True,324.6379,0.377594,True
148,(-1.4, 0.0, 2.1),True,327.5811,0.5110474,True
149,(-2.8, 0.0, -2.1),True,329.7577,0.4441528,True
150,(-0.7, 0.0, -1.4),True,331.6569,0.3996582,True
151,(1.4, 0.0, -3.5),False,0,0,False
152,(2.8, 0.0, -2.1),False,0,0,False
153,(0.7, 0.0, -0.7),True,337.9762,0.3109131,False
154,(-3.5, 0.0, -0.7),True,340.7083,0.4221497,False
155,(-2.1, 0.0, -2.8),True,343.319,0.3563538,True
