376.7657
0,(2.8, 0.0, -0.7),True,0.7550888,0.7550888,True
1,(2.8, 0.0, 2.1),True,2.820901,0.3885813,True
2,(0.7, 0.0, -1.4),True,4.664433,0.3775883,True
3,(0.7, 0.0, -3.5),True,6.330491,0.4221878,True
4,(0.7, 0.0, -1.4),True,8.207599,0.3443565,True
5,(3.5, 0.0, 0.7),True,10.31752,0.399786,True
6,(1.4, 0.0, 3.5),True,13.4715,0.4331398,True
7,(2.8, 0.0, 0.7),True,16.04815,0.3443775,True
8,(0.7, 0.0, 1.4),True,18.10263,0.3442249,True
9,(0.7, 0.0, 2.8),True,21.24638,0.400528,True
10,(-0.7, 0.0, 0.7),True,22.87939,0.5898628,True
11,(-0.7, 0.0, 3.5),False,0,0,False
12,(-0.7, 0.0, -3.5),False,0,0,False
13,(-0.7, 0.0, 0.7),False,0,0,False
14,(1.4, 0.0, -0.7),True,31.54081,0.4108162,True
15,(-1.4, 0.0, -2.1),True,34.46183,0.3555832,True
16,(0.7, 0.0, 2.8),True,35.94989,0.4442291,True
17,(-0.7, 0.0, -0.7),True,38.90425,0.3444214,True
18,(-2.1, 0.0, -1.4),True,41.26973,0.3443222,True
19,(-1.4, 0.0, -0.7),True,44.55696,0.3663788,True
20,(3.5, 0.0, -0.7),True,47.73336,0.3332977,True
21,(-2.1, 0.0, -2.8),True,49.25492,0.4221077,True
22,(-2.1, 0.0, 2.8),False,0,0,False
23,(-1.4, 0.0, 3.5),False,0,0,False
24,(-1.4, 0.0, -2.1),True,54.09723,0.4664688,True
25,(-2.1, 0.0, 2.8),True,56.0739,0.5661621,True
26,(2.1, 0.0, 2.8),True,58.97241,0.4551086,True
27,(2.1, 0.0, -1.4),True,60.63875,0.4549789,True
28,(-1.4, 0.0, -3.5),True,62.0489,0.3442993,True
29,(1.4, 0.0, 0.7),True,65.32517,0.38871,True
30,(2.1, 0.0, -2.8),True,67.22445,0.4222488,True
31,(3.5, 0.0, -1.4),True,69.67861,0.3665161,True
32,(-1.4, 0.0, -2.1),True,72.04434,0.2999115,True
33,(-2.1, 0.0, 1.4),True,75.44271,0.5663986,True
34,(3.5, 0.0, 0.7),True,77.50826,0.3439789,True
35,(2.8, 0.0, -0.7),True,80.11841,0.3221893,True
36,(-2.8, 0.0, -2.1),True,83.38342,0.3221588,True
37,(0.7, 0.0, -2.8),True,85.57128,0.3554153,True
38,(2.8, 0.0, -0.7),True,88.0257,0.3330994,True
39,(-1.4, 0.0, 3.5),False,0,0,False
40,(0.7, 0.0, 0.7),True,92.45693,0.3220825,True
41,(-3.5, 0.0, 1.4),True,94.52265,0.4106979,True
42,(3.5, 0.0, 1.4),True,95.92205,0.4551849,True
43,(-2.8, 0.0, 2.1),True,98.45457,0.3112793,True
44,(-3.5, 0.0, 0.7),False,0,0,False
45,(1.4, 0.0, -0.7),True,104.9067,0.4774857,True
46,(-0.7, 0.0, 2.8),False,0,0,False
47,(2.1, 0.0, 2.8),True,108.2607,0.6660995,True
48,(3.5, 0.0, -1.4),True,111.0156,0.7224045,False
49,(0.7, 0.0, -2.8),True,112.5143,0.7552261,True
50,(-1.4, 0.0, -0.7),True,115.0909,0.6663513,True
51,(1.4, 0.0, -2.1),True,116.4458,0.3997192,True
52,(-3.5, 0.0, -1.4),True,118.1005,0.3995361,True
53,(2.8, 0.0, 0.7),True,119.5554,0.3442993,True
54,(-1.4, 0.0, 2.1),True,121.3323,0.3330994,True
55,(2.8, 0.0, -2.1),True,124.4644,0.3773651,True
56,(1.4, 0.0, -2.1),True,127.2297,0.5107422,True
57,(-1.4, 0.0, 3.5),False,0,0,False
58,(0.7, 0.0, -3.5),True,132.2051,0.3551025,True
59,(-2.1, 0.0, 1.4),True,134.7596,0.4110107,True
60,(-0.7, 0.0, 1.4),False,0,0,False
61,(0.7, 0.0, -0.7),True,139.324,0.3995972,True
62,(-3.5, 0.0, -0.7),True,142.0562,0.6109619,True
63,(3.5, 0.0, 1.4),True,144.0774,0.3775635,True
64,(2.1, 0.0, 1.4),True,147.2203,0.4108734,True
65,(-2.1, 0.0, 2.8),False,0,0,False
66,(2.8, 0.0, 0.7),True,152.2404,0.3330994,True
67,(0.7, 0.0, -1.4),True,155.0056,0.3330231,True
68,(3.5, 0.0, 1.4),True,156.8269,0.4441528,True
69,(-0.7, 0.0, 2.8),False,0,0,False
70,(-1.4, 0.0, 0.7),False,0,0,False
71,(2.8, 0.0, 2.1),True,164.0236,0.6774292,True
72,(0.7, 0.0, 3.5),True,167.3001,0.6776733,True
73,(-2.1, 0.0, 1.4),False,0,0,False
74,(-1.4, 0.0, 0.7),False,0,0,False
75,(0.7, 0.0, 1.4),True,173.4526,0.366272,True
76,(-2.8, 0.0, -2.1),True,175.4961,0.4554138,True
77,(2.1, 0.0, 1.4),True,177.462,0.555481,True
78,(1.4, 0.0, 0.7),True,179.5275,0.3885803,True
79,(-0.7, 0.0, -1.4),True,182.0819,0.4108582,True
80,(1.4, 0.0, 3.5),True,184.8917,0.3887177,True
81,(-2.1, 0.0, -1.4),True,187.2574,0.2888641,True
82,(1.4, 0.0, -2.1),True,189.0454,0.5441284,True
83,(-0.7, 0.0, -0.7),True,190.578,0.4212799,True
84,(-0.7, 0.0, 1.4),False,0,0,False
85,(2.1, 0.0, 1.4),True,194.4874,0.5442657,True
86,(-2.8, 0.0, -0.7),True,196.7755,0.4000549,True
87,(0.7, 0.0, -3.5),True,198.4521,0.6997986,True
88,(-3.5, 0.0, 1.4),True,201.4507,0.4106293,True
89,(-0.7, 0.0, -2.8),True,203.05,0.5441589,True
90,(0.7, 0.0, -0.7),True,205.8376,0.3883514,True
91,(3.5, 0.0, -0.7),True,208.7362,0.4542389,True
92,(-2.1, 0.0, -2.8),True,211.9458,0.5441132,True
93,(-3.5, 0.0, -1.4),True,215.2442,0.5661774,True
94,(2.8, 0.0, -2.1),True,217.8324,0.5445099,True
95,(1.4, 0.0, -3.5),True,220.4641,0.5552673,False
96,(0.7, 0.0, 3.5),True,223.2518,0.5986328,True
97,(1.4, 0.0, -0.7),True,224.5288,0.3775635,True
98,(-2.8, 0.0, -0.7),True,227.1055,0.3777313,True
99,(1.4, 0.0, 0.7),True,229.0934,0.3773499,True
100,(-3.5, 0.0, 0.7),False,0,0,False
101,(-0.7, 0.0, 2.8),False,0,0,False
102,(2.1, 0.0, -2.8),True,237.1008,0.4329529,True
103,(3.5, 0.0, -0.7),True,240.4438,0.4997406,False
104,(-3.5, 0.0, -1.4),True,243.5312,0.5664063,False
105,(3.5, 0.0, -1.4),True,245.0751,0.6665344,False
106,(-0.7, 0.0, -3.5),True,248.1846,0.5331726,True
107,(2.1, 0.0, -1.4),True,250.6612,0.4107361,True
108,(-2.8, 0.0, 0.7),False,0,0,False
109,(-0.7, 0.0, 3.5),False,0,0,False
110,(-1.4, 0.0, -3.5),True,257.8467,0.4552612,True
111,(0.7, 0.0, 2.8),True,260.1124,0.588501,True
112,(-0.7, 0.0, -0.7),True,262.4778,0.6329041,True
113,(-2.8, 0.0, -0.7),False,0,0,False
114,(2.8, 0.0, 2.1),False,0,0,False
115,(1.4, 0.0, 2.1),False,0,0,False
116,(-0.7, 0.0, 1.4),True,272.9175,0.3887329,True
117,(-2.8, 0.0, 2.1),False,0,0,False
118,(2.1, 0.0, -2.8),True,276.3159,0.4328918,True
119,(-0.7, 0.0, -2.8),True,279.4146,0.4777527,True
120,(-1.4, 0.0, -0.7),True,281.5136,0.3885193,True
121,(2.1, 0.0, -1.4),False,0,0,False
122,(-0.7, 0.0, 0.7),False,0,0,False
123,(0.7, 0.0, 3.5),True,287.4442,0.5332031,True
124,(0.7, 0.0, -2.8),True,288.9989,0.4885559,True
125,(-0.7, 0.0, -2.8),True,290.6647,0.54422,True
126,(-0.7, 0.0, -3.5),True,292.0642,0.4220276,True
127,(-0.7, 0.0, -1.4),True,295.0962,0.3441772,True
128,(0.7, 0.0, 0.7),True,298.2724,0.4441833,True
129,(-1.4, 0.0, 0.7),True,300.9156,0.3441467,True
130,(-3.5, 0.0, 0.7),False,0,0,False
131,(1.4, 0.0, -3.5),True,306.613,0.5109253,True
132,(3.5, 0.0, 0.7),False,0,0,False
133,(0.7, 0.0, 0.7),True,311.433,0.5664978,True
134,(-3.5, 0.0, 1.4),False,0,0,False
135,(1.4, 0.0, 3.5),True,316.464,0.5441895,True
136,(0.7, 0.0, 1.4),True,317.8191,0.5223083,True
137,(-2.8, 0.0, 0.7),False,0,0,False
138,(-1.4, 0.0, 2.1),False,0,0,False
139,(-1.4, 0.0, -3.5),True,325.4598,0.7108154,True
140,(2.1, 0.0, 2.8),True,326.8036,0.4442139,True
141,(-2.8, 0.0, 2.1),False,0,0,False
142,(-0.7, 0.0, 3.5),False,0,0,False
143,(1.4, 0.0, 2.1),True,334.1113,0.4998169,True
144,(-2.8, 0.0, 0.7),False,0,0,False
145,(-2.1, 0.0, -1.4),True,339.32,0.4664307,True
146,(1.4, 0.0, 2.1),False,0,0,False
147,(-3.5, 0.0, -0.7),False,0,0,False
148,(-1.4, 0.0, 2.1),False,0,0,False
149,(-2.8, 0.0, -2.1),True,348.227,0.5330811,True
150,(-0.7, 0.0, -1.4),True,349.6151,0.5552368,True
151,(1.4, 0.0, -3.5),True,351.2591,0.5665283,True
152,(2.8, 0.0, -2.1),True,353.6023,0.3331604,True
153,(0.7, 0.0, -0.7),True,356.1455,0.3110352,True
154,(-3.5, 0.0, -0.7),True,358.5444,0.3220825,True
155,(-2.1, 0.0, -2.8),False,0,0,False
