0.09691715,-0.01149511,-0.7056799,False
0.1078596,-0.2797592,-0.6025789,False
0.1190548,-2.308013,-4.019601,False
0.1306047,-0.1706452,-0.5740172,False
0.1411405,-1.531158,-2.874544,False
0.1525269,-0.5926325,-1.002458,False
0.1632957,-2.780681,-3.919123,False
0.1742511,-3.287143,-4.605577,False
0.18539,-3.424269,-4.502576,False
0.1966133,-1.720863,-4.681067,False
0.2080073,-1.776878,-4.437474,False
0.2188516,-1.960243,-4.190837,False
0.2297444,-1.963158,-4.212437,False
0.2411175,-1.668355,-1.567979,False
0.3297806,0.6379499,-5.51,False
0.3410101,1.317349,-5.081495,False
0.3523188,-0.2059987,-0.3188349,True
0.3632636,0.4908462,-4.938437,False
0.3744235,-0.3050842,-0.5207719,False
0.3856688,1.408002,-5.151469,False
0.3968472,-0.4274415,-0.5068618,False
0.4082146,1.271653,-5.173745,False
0.4198465,-0.3159781,-0.2429862,True
0.4308872,-0.5251186,-5.349085,False
0.4422612,-1.458063,-5.323972,False
0.4536047,-1.610124,-5.539762,False
0.4648213,-0.7787139,-0.358151,False
0.4824214,-0.214443,0.1258415,True
0.4874191,1.809679,-4.038325,False
0.4986167,2.360867,-3.595104,False
0.5098095,1.633312,-3.685393,False
0.5211596,1.005702,0.7816243,False
0.5325265,3.69428,-3.442548,False
0.5437226,3.478064,-3.457838,False
0.5551319,1.712311,-3.498829,False
0.5674453,1.661905,-3.462718,False
0.5778275,1.540572,-3.492481,False
0.5891819,2.088768,-3.624692,False
0.5994439,1.102329,-3.61972,False
0.6103611,1.050321,-3.828527,False
0.6212683,0.7601213,-3.612162,False
0.6325479,0.7490696,-3.556753,False
0.6435566,0.5763571,-3.616558,False
0.6545029,0.6196117,-3.642053,False
0.6657534,0.9087048,0.786657,False
0.6777263,0.7109346,-3.664407,False
0.6878886,0.9011302,0.7118645,False
0.6991153,0.7394366,-1.438705,False
0.7105851,0.5414343,-3.593006,False
0.7213845,0.7306521,0.8180518,False
0.7325416,0.4826584,-1.145288,False
0.7434487,0.9702072,0.8865633,False
0.7547464,0.4054663,-1.237839,False
0.765574,-0.4910073,-2.233346,False
0.7771606,1.181191,0.9721031,False
0.7878494,-0.3931513,-2.279648,False
0.7991347,1.564805,1.9877,False
0.8102894,-0.3673992,-2.074646,False
0.8212276,-0.2086885,-2.135408,False
0.8323493,1.079659,1.117938,False
0.8436046,1.285809,1.213791,False
0.854857,1.585945,1.290796,False
0.8657146,2.818197,1.528658,False
0.8765616,3.420987,1.412532,False
0.8878102,2.82536,1.232756,False
0.8990045,2.850595,1.155287,False
0.9105859,2.875674,1.24036,False
0.9211631,2.899529,1.146325,False
0.9323783,2.971386,1.231569,False
0.9433694,2.930933,1.094338,False
0.954536,2.78984,1.266684,False
0.9657664,2.980668,1.464692,False
0.9770875,2.719518,1.112629,False
0.9880948,2.755117,1.067712,False
0.9989076,2.861003,1.087789,False
1.01009,2.822029,1.129029,False
1.02121,2.843492,1.084082,False
1.032945,2.748274,0.9568044,False
1.043234,2.775236,0.8760677,False
1.05473,2.885006,0.8513305,False
1.065886,2.400828,0.5524752,False
1.076485,1.230157,-0.04089808,False
1.087851,1.858763,0.532733,False
1.098857,0.5430748,-0.08299422,False
1.109973,0.2097991,0.08538055,True
1.121219,0.1882875,0.100607,True
1.132542,0.1453645,0.03647125,True
1.143522,0.03357029,-0.05584693,True
1.154383,0.1912856,-0.02488697,True
1.165553,0.2181723,0.02191114,True
1.17673,0.1886966,-0.06689322,True
1.187812,0.1976092,-0.07831383,True
1.198742,0.2367835,-0.1325486,True
1.209961,0.2022948,-0.1710765,True
1.221354,0.239187,-0.2481748,True
1.232309,0.2731822,-0.3468428,True
1.243174,0.2992008,-0.3508579,True
1.254413,0.2263298,-0.3831197,True
1.265407,0.1731853,-0.4958307,False
1.276926,0.2650535,-0.4941198,False
1.287631,0.24063,-0.3927331,True
1.298734,0.2627187,-0.4971348,False
1.309982,0.2697785,-0.5503696,False
1.321131,0.170385,-0.3295177,True
1.332096,-0.04971647,0.1174935,True
1.343203,0.1072153,0.1895037,True
1.354185,0.01479137,0.198958,True
1.365419,0.1004767,0.2236422,True
1.376728,-4.468065,0.247747,False
1.393763,0.009030461,0.1329714,True
1.398744,0.00906229,0.1334372,True
1.409868,-0.0475235,-0.002795696,True
1.420952,-0.02588069,-0.01490736,True
1.431962,-0.02206874,-0.06403023,True
1.443159,0.008283019,-0.04203963,True
1.454399,0.01272821,0.002379715,True
1.465312,0.06297517,-0.01180801,True
1.47648,-0.03872013,-0.006832868,True
1.487503,-0.0441916,-0.1041513,True
1.498604,-0.008612037,-0.1202554,True
1.509892,0.1412183,0.09650216,True
1.520922,0.09761298,0.07064235,True
1.532444,0.04527068,0.04123011,True
1.543123,0.02630067,0.03127116,True
1.554197,0.1146494,0.09211424,True
1.565393,0.0306257,0.1290443,True
1.576741,0.09610963,0.1459329,True
1.587461,0.160328,0.114282,True
1.598661,0.1404001,0.06131467,True
1.609747,0.1205306,0.119075,True
1.621057,0.1196551,0.1122737,True
1.631828,0.1379532,0.1096551,True
1.643025,0.1482191,0.1528085,True
1.654561,0.187348,0.1252464,True
1.665167,0.1661022,0.1271047,True
1.676376,0.05778313,-0.002795547,True
1.68759,-0.01575804,-0.09962627,True
1.698525,0.0157944,-0.148073,True
1.709715,0.01334083,-0.2039714,True
1.720883,-0.005087078,-0.1334066,True
1.731857,0.01019776,-0.1788793,True
1.742918,0.01706827,-0.1795272,True
1.754339,0.01053441,-0.2130874,True
1.765078,0.003233016,-0.2123193,True
1.776212,0.008550406,-0.210216,True
1.787347,0.0224911,-0.1875278,True
1.798458,0.005517066,-0.1885319,True
1.809564,-0.00751847,-0.2272211,True
1.820831,0.02608448,-0.214418,True
1.832264,0.06657892,-0.2454844,True
1.843133,0.06845045,-0.242926,True
1.854125,0.0318045,-0.3084653,True
1.865134,0.03489417,-0.2278588,True
1.876568,0.01055169,-0.2325576,True
1.887325,0.07090467,-0.2152209,True
1.898461,0.03601766,-0.1780062,True
1.909633,0.03134722,-0.1888129,True
1.921149,0.04127628,-0.3058878,True
1.931714,0.0280273,-0.1973409,True
1.942953,0.04373699,-0.2159727,True
1.954272,0.07006907,-0.2508454,True
1.965443,0.03143311,-0.2234779,True
1.976169,0.1036061,-0.241993,True
1.98722,0.07490301,-0.2191728,True
1.998627,0.03804934,-0.2336262,True
2.009501,0.08056909,-0.2528143,True
2.020694,0.04640126,-0.3523552,True
2.031716,0.138449,-0.2711119,True
2.042927,0.03857368,-0.2663486,True
2.054326,0.02210903,-0.2652071,True
2.065023,0.04478055,-0.2710954,True
2.07612,0.05996656,-0.3382246,True
2.087253,0.01867574,-0.3252953,True
2.098367,0.1140301,-0.3661535,True
2.109565,0.0760265,-0.264153,True
2.120715,0.1044756,-0.5213778,False
2.131656,0.1027736,-0.4894845,False
2.142846,0.05637062,-0.2582793,True
2.154348,0.09058273,-0.473506,True
2.165425,0.1042781,-0.5463489,False
2.176455,0.04655421,-0.2894144,True
2.18719,0.08357275,-0.3679975,True
2.198425,0.06700355,-0.3978562,True
2.209397,0.0555746,-0.48294,True
2.220637,0.06981963,-0.5043323,False
2.231635,0.1302768,-0.7131199,False
2.242741,0.1547225,-0.759313,False
2.253878,0.1931187,-0.958308,False
2.265458,0.2076051,-1.02187,False
2.276631,0.2045264,-1.038574,False
2.287532,0.2111025,-1.053604,False
2.298601,0.2138397,-1.063363,False
2.310032,0.2022347,-0.9974891,False
2.320794,0.1962053,-0.975197,False
2.33197,0.05158043,-0.2417886,True
2.343161,0.05002308,-0.2449872,True
2.354264,0.05107176,-0.2453113,True
2.365237,0.05602121,-0.2286851,True
2.376728,0.05332446,-0.2104816,True
2.387374,0.05077028,-0.22387,True
2.398329,0.04719967,-0.2198131,True
2.409345,0.06027073,-0.2620471,True
2.420549,0.05665249,-0.2732973,True
2.431571,0.05596161,-0.2809646,True
2.442611,0.05832386,-0.287733,True
2.453718,0.06031018,-0.2860013,True
2.465086,0.05963719,-0.2613986,True
2.476008,0.0565486,-0.2894699,True
2.487152,0.05908561,-0.291117,True
2.498235,0.06389046,-0.2717192,True
2.509307,0.06905866,-0.275606,True
2.520361,0.06683737,-0.2729102,True
2.531532,0.0656634,-0.2694711,True
2.542624,0.06903338,-0.2531925,True
2.553781,0.06886929,-0.2610116,True
2.564711,0.07116008,-0.2580207,True
2.576041,0.07352555,-0.2502176,True
2.58719,0.07608825,-0.2410336,True
2.598093,0.07816088,-0.2375184,True
2.609265,0.07147574,-0.2232051,True
2.620598,0.06436902,-0.2244583,True
2.631367,0.06486475,-0.2194538,True
2.642598,0.05974936,-0.2210314,True
2.653696,0.06269014,-0.2234905,True
2.664855,0.06257969,-0.2223206,True
2.675752,0.05778712,-0.2259247,True
2.687028,0.05551028,-0.2312417,True
2.698146,0.05543566,-0.2377478,True
2.709179,0.05608618,-0.2647069,True
2.72043,0.05511159,-0.2580602,True
2.731513,0.05313587,-0.2619076,True
2.742497,0.06476355,-0.2902794,True
2.753632,0.06491405,-0.2958497,True
2.764687,0.06483549,-0.2991267,True
2.776128,0.06275845,-0.2762235,True
2.786965,0.06704229,-0.2719472,True
2.798007,0.0672726,-0.2755983,True
2.809226,0.06215346,-0.2796912,True
2.821374,0.06211984,-0.2545549,True
2.831305,0.0628255,-0.2492072,True
2.842541,0.06015909,-0.2401144,True
2.853618,0.05439383,-0.2388097,True
2.86466,0.05353796,-0.2346465,True
2.875782,0.05622697,-0.2278335,True
2.886858,0.05654263,-0.2282611,True
2.898006,0.05553746,-0.237002,True
2.909132,0.04826599,-0.2249283,True
2.920277,0.04516709,-0.2349315,True
2.9315,0.04726827,-0.237075,True
2.942358,0.05799168,-0.2466228,True
2.953954,0.05420238,-0.2426561,True
2.964641,0.05611253,-0.2479004,True
2.975817,0.05632573,-0.2487558,True
2.986842,0.05527192,-0.2700672,True
2.997961,0.05690682,-0.2607456,True
3.009046,0.05991155,-0.232433,True
3.020182,0.05236411,-0.2296301,True
3.031256,0.04844153,-0.2168394,True
3.042421,0.04847306,-0.2246062,True
3.053505,0.05172867,-0.2277114,True
3.064733,0.05169344,-0.21983,True
3.07565,0.05465519,-0.2271894,True
3.08698,0.05158168,-0.2422162,True
3.097807,0.05771911,-0.2334896,True
3.109117,0.08004767,-0.2376314,True
3.120195,0.07336664,-0.2414502,True
3.131449,0.0737077,-0.2288606,True
3.142297,0.07286793,-0.2284318,True
3.153796,0.07546633,-0.2255636,True
3.164498,0.07240629,-0.221504,True
3.175761,0.07514417,-0.2241789,True
3.186707,0.07544822,-0.2393207,True
3.197877,0.07651943,-0.2428534,True
3.209004,0.08315897,-0.2329486,True
3.220112,0.0880909,-0.2341425,True
3.231095,0.08641344,-0.2339231,True
3.242492,0.08866841,-0.2272129,True
3.253416,0.08408129,-0.2301791,True
3.264484,0.08227843,-0.2420211,True
3.275666,0.06945324,-0.2710993,True
3.286682,0.06968808,-0.2574807,True
3.297673,0.07132155,-0.2673523,True
3.308928,0.08552462,-0.2707413,True
3.320153,0.09002423,-0.2680798,True
3.331189,0.09263694,-0.2655316,True
3.342192,0.08897996,-0.2549927,True
3.353643,0.08506352,-0.2503726,True
3.364415,0.08189213,-0.2467244,True
3.37548,0.06782901,-0.2074522,True
3.386657,0.06565946,-0.2307487,True
3.397989,0.05323249,-0.2814942,True
3.408996,0.08584726,-0.2924717,True
3.420011,0.07121962,-0.2678871,True
3.431012,0.0587455,-0.2294436,True
3.442455,0.05633849,-0.2294313,True
3.453184,0.06328201,-0.2167878,True
3.46446,0.05694288,-0.2026369,True
3.475536,0.06200486,-0.1920609,True
3.486521,0.07070595,-0.2169234,True
3.497721,0.06414551,-0.2025548,True
3.508754,0.07600135,-0.1946429,True
3.520056,0.08221608,-0.1839183,True
3.530979,0.08218122,-0.1974224,True
3.542145,0.08241808,-0.2167532,True
3.553622,0.08653587,-0.2219836,True
3.564466,0.08665138,-0.223371,True
3.575739,0.0517109,-0.2477728,True
3.586838,0.04602307,-0.1802391,True
3.59765,0.01459605,-0.02318853,True
3.608718,0.04720342,-0.27336,True
3.708985,0.3020551,0.1179106,True
3.719798,0.1952581,0.1969359,True
3.730965,0.2338183,0.05027518,True
3.742395,0.2677421,-0.02693152,True
3.753156,0.3964114,0.05113932,True
3.764328,0.4327959,0.006022245,True
3.775463,0.4950504,0.07794258,False
3.786401,0.4105912,0.07616168,True
3.797628,0.4025214,0.07678252,True
3.808677,0.2671364,0.09726426,True
3.819893,0.2538288,0.08338711,True
3.830791,0.2592723,0.1032055,True
3.842165,0.2738811,0.1035456,True
3.853231,0.2882805,0.105422,True
3.864407,0.3639874,0.0700793,True
3.875265,0.4352997,0.07138157,True
3.886775,0.4291511,0.07665655,True
3.897488,0.406163,0.08390823,True
3.908713,0.3790405,0.07059067,True
3.91973,0.3792028,0.07656449,True
3.93114,0.3745733,0.06978667,True
3.942009,0.34725,0.05249536,True
3.952958,0.343927,0.05236587,True
3.964405,0.3407153,0.05096874,True
3.975598,0.3348427,0.01182616,True
3.986446,0.3338333,0.008446127,True
3.997477,0.3299466,-0.004325688,True
4.00861,0.3164639,-0.02518663,True
4.019894,0.3192776,-0.01929003,True
4.0309,0.3230825,-0.01381311,True
4.041826,0.3174319,-0.03774202,True
4.052976,0.2861222,-0.05073309,True
4.064403,0.1814932,-0.01852408,True
4.075268,0.06604862,-0.1194281,True
4.086563,0.04005563,-0.1125924,True
4.097366,0.05205834,-0.1360173,True
4.10879,0.02756888,-0.1684315,True
4.119682,0.04670614,-0.1600911,True
4.130734,0.03962409,-0.1580816,True
4.142267,0.05637604,-0.04746363,True
4.153615,0.05265689,-0.06271127,True
4.16461,0.04831082,-0.07485116,True
4.175686,0.04405969,-0.07775325,True
4.186371,0.04883325,-0.07807097,True
4.197563,0.04468608,-0.08221886,True
4.208682,0.05351382,-0.08970872,True
4.219734,0.04292291,-0.08263218,True
4.231109,0.05070633,-0.08451059,True
4.242369,0.09022379,-0.106005,True
4.252875,0.09808707,-0.0948697,True
4.263989,0.1030574,-0.1109536,True
4.275134,0.09596097,-0.1096701,True
4.286228,0.1054047,-0.1204773,True
4.297301,0.1030574,-0.1109534,True
4.308527,0.1063713,-0.1253995,True
4.319676,0.1094328,-0.11172,True
4.330813,0.1074914,-0.1199669,True
4.341791,0.1036426,-0.1232902,True
4.352814,0.1029499,-0.1309228,True
4.364019,0.1010243,-0.1221232,True
4.375153,0.09894192,-0.1018486,True
4.386322,0.09548396,-0.09299359,True
4.39738,0.09539431,-0.09954634,True
4.408552,0.09559822,-0.09840104,True
4.41961,0.08938813,-0.1051697,True
4.430796,0.08690071,-0.1069392,True
4.441844,0.0863511,-0.09984434,True
4.452793,0.08519816,-0.09547219,True
4.463988,0.08283037,-0.1030715,True
4.475288,0.07800382,-0.0787299,True
4.486311,0.08393466,-0.08455789,True
4.497257,0.08258951,-0.08819255,True
4.508481,0.08261466,-0.1009845,True
4.519526,0.0802083,-0.09421685,True
4.530632,0.07885206,-0.08985022,True
4.541679,0.07365555,-0.08828387,True
4.552739,0.07385784,-0.08495799,True
4.563869,0.07541639,-0.08454555,True
4.575221,0.07678443,-0.09732983,True
4.586126,0.08002418,-0.1030665,True
4.597184,0.07912588,-0.1128745,True
4.608744,0.07938111,-0.1253068,True
4.619472,0.06590408,-0.1395016,True
4.63071,0.05686402,-0.1436675,True
4.641998,0.04955834,-0.1342348,True
4.652662,0.04954726,-0.1295286,True
4.663949,0.05006939,-0.1306799,True
4.675045,0.04549962,-0.1325512,True
4.686379,0.04976189,-0.1322487,True
4.697115,0.04363531,-0.1355813,True
4.708598,0.03710902,-0.1482284,True
4.719368,0.03658527,-0.1460293,True
4.730817,0.03512281,-0.1423619,True
4.741598,0.03522921,-0.1438267,True
4.752792,0.0357554,-0.1473879,True
4.763969,0.0358603,-0.1478069,True
4.775208,0.03585321,-0.1439328,True
4.7863,0.03813767,-0.1419503,True
4.797482,0.02816111,-0.1449619,True
4.80821,0.01828945,-0.1486011,True
4.81934,0.01662892,-0.1521583,True
4.830429,0.02272707,-0.2052742,True
4.841871,0.177276,-0.3997869,True
4.85264,0.3844986,-0.6924564,False
4.863829,0.4650536,-0.9897579,False
4.87494,0.6731842,-1.747365,False
4.885961,0.8287101,-1.986403,False
4.897057,0.9660895,-2.375005,False
4.908151,0.9798873,-2.625893,False
4.919732,0.9974954,-2.980754,False
4.930409,0.9289412,-3.30121,False
4.941481,1.001375,-3.990317,False
4.953111,0.9418702,-4.205885,False
4.963705,0.8893344,-4.239592,False
4.974827,0.8643906,-4.415848,False
4.986131,0.8883954,-4.44237,False
4.99718,0.8759195,-4.52289,False
5.00812,0.9512569,-4.453219,False
5.019291,0.9139736,-4.570927,False
5.030427,0.9090364,-4.689342,False
5.041502,0.9030309,-4.675506,False
5.052763,0.902885,-4.668333,False
5.063801,0.9155477,-4.59399,False
5.074756,0.8808153,-4.522524,False
5.085914,0.9293951,-4.572167,False
5.096852,0.8902836,-4.559605,False
5.108398,0.918575,-4.572034,False
5.119133,0.9300882,-4.558688,False
5.130623,0.9326872,-4.543712,False
5.141421,0.9109876,-4.541643,False
5.152732,0.907481,-4.550315,False
5.163797,0.9148886,-4.544685,False
5.174736,0.9304284,-4.567065,False
5.185822,0.9247268,-4.572315,False
5.19718,0.9355246,-4.588205,False
5.208107,0.9401543,-4.555241,False
5.219074,0.9400175,-4.525347,False
5.230322,0.9386675,-4.515681,False
5.241306,0.9470611,-4.511265,False
5.252413,0.9285952,-4.507094,False
5.263864,0.9338059,-4.507633,False
5.274785,0.9366236,-4.512596,False
5.28605,0.9334483,-4.510549,False
5.296963,0.9464356,-4.495998,False
5.308211,0.9523436,-4.512918,False
5.319042,0.968264,-4.516371,False
5.330346,0.9714211,-4.520095,False
5.341273,0.9735027,-4.483578,False
5.352689,0.9640394,-4.422416,False
5.363508,0.9608282,-4.426561,False
5.37472,0.9522694,-4.406861,False
5.38587,0.9399109,-4.38499,False
5.396775,0.9365025,-4.376219,False
5.408236,0.9259962,-4.367664,False
5.419398,0.9138944,-4.372798,False
5.430119,0.9180666,-4.376788,False
5.441369,0.9139782,-4.379136,False
5.452349,0.91114,-4.358808,False
5.463492,0.9120356,-4.363234,False
5.474583,0.9080952,-4.360891,False
5.486072,0.9010826,-4.355582,False
5.496779,0.9055742,-4.353447,False
5.508148,0.9018628,-4.357769,False
5.519001,0.9082245,-4.370424,False
5.530229,0.9057652,-4.371284,False
5.541218,0.9093648,-4.37903,False
5.552716,0.9061684,-4.385688,False
5.564386,0.8985343,-4.371625,False
5.575483,0.9175928,-4.373033,False
5.586168,0.9190642,-4.352147,False
5.596819,0.9217333,-4.352588,False
5.607867,0.9159396,-4.352796,False
5.619102,0.9094955,-4.357767,False
5.630424,0.9087979,-4.335285,False
5.641337,0.9041964,-4.337885,False
5.652317,0.8986741,-4.332954,False
5.663332,0.897148,-4.331577,False
5.674526,0.906117,-4.329502,False
5.68557,0.9043294,-4.330565,False
5.6974,0.9027347,-4.337468,False
5.707862,0.9180784,-4.367453,False
5.718976,0.9081237,-4.394855,False
5.730366,0.9189047,-4.389424,False
5.741235,0.9208774,-4.412844,False
5.752319,0.9078596,-4.421275,False
5.763671,0.9096894,-4.427889,False
5.774765,0.9099018,-4.422196,False
5.785503,0.9315283,-4.311374,False
5.796645,0.7333338,-4.376068,False
5.807831,0.08924127,-4.411933,False
5.818811,-0.259115,-4.303732,False
5.830338,-0.5383321,-4.352826,False
5.841242,-1.415125,-4.672857,False
5.852163,-1.531951,-4.590119,False
5.863455,-1.562355,-4.657983,False
5.874525,-1.542742,-4.635319,False
5.885664,-1.548465,-4.676112,False
5.896529,-1.499435,-4.602628,False
5.908372,-1.560172,-4.579947,False
5.918834,-1.556201,-4.528727,False
5.930013,-1.553905,-4.523485,False
5.941065,-1.548404,-4.53047,False
5.952801,-1.571977,-4.524188,False
5.963298,-1.574536,-4.527954,False
5.974739,-1.567313,-4.524176,False
5.985529,-1.556868,-4.520035,False
5.996554,-1.556897,-4.515903,False
6.007788,-1.538027,-4.510783,False
6.018677,-1.542379,-4.51913,False
6.02985,-1.549414,-4.510924,False
6.041967,-1.57721,-4.503183,False
6.05203,-1.574234,-4.507757,False
6.063196,-1.580616,-4.509838,False
6.074683,-1.584437,-4.532287,False
6.085369,-1.589252,-4.533648,False
6.096448,-1.588148,-4.522386,False
6.107768,-1.572897,-4.522311,False
6.119011,-1.56833,-4.524956,False
6.129851,-1.575126,-4.528387,False
6.140931,-1.582574,-4.525859,False
6.152451,-1.581927,-4.531824,False
6.163695,-1.578901,-4.530497,False
6.174542,-1.585036,-4.551018,False
6.18557,-1.583269,-4.539868,False
6.19667,-1.576703,-4.529117,False
6.207826,-1.579755,-4.54486,False
6.218658,-1.579119,-4.545341,False
6.229805,-1.586678,-4.53536,False
6.240849,-1.591343,-4.547704,False
6.252387,-1.588854,-4.550469,False
6.263437,-1.581282,-4.549252,False
6.2743,-1.579395,-4.546821,False
6.285199,-1.580831,-4.546072,False
6.296487,-1.58405,-4.540998,False
6.307648,-1.593128,-4.540762,False
6.31881,-1.591526,-4.534327,False
6.329745,-1.592612,-4.529789,False
6.341183,-1.594435,-4.514864,False
6.352035,-1.595551,-4.520641,False
6.363124,-1.597286,-4.527065,False
6.374199,-1.59274,-4.522965,False
6.385566,-1.594928,-4.522731,False
6.39673,-1.589676,-4.51955,False
6.407389,-1.573556,-4.502211,False
6.418632,-1.577785,-4.509078,False
6.429748,-1.577323,-4.492908,False
6.440764,-1.570815,-4.490963,False
6.451892,-1.568058,-4.492242,False
6.463275,-1.556067,-4.4928,False
6.474358,-1.55614,-4.505236,False
6.485366,-1.558758,-4.506828,False
6.49628,-1.558494,-4.49829,False
6.507633,-1.559128,-4.506345,False
6.518462,-1.559336,-4.514196,False
6.529669,-1.554394,-4.511367,False
6.540826,-1.54927,-4.513658,False
6.551898,-1.546281,-4.526922,False
6.56285,-1.548003,-4.534958,False
6.574502,-1.542282,-4.557076,False
6.585133,-1.538509,-4.51143,False
6.596254,-1.533079,-4.504883,False
6.607512,-1.534525,-4.49534,False
6.618539,-1.529372,-4.495939,False
6.629799,-1.519635,-4.49856,False
6.64114,-1.51364,-4.493062,False
6.651813,-1.508521,-4.502751,False
6.66306,-1.506677,-4.490082,False
6.673968,-1.495916,-4.471074,False
6.685201,-1.469729,-4.469368,False
6.696571,-1.464404,-4.454126,False
6.707339,-1.392009,-4.418564,False
6.718424,-1.476611,-4.535011,False
6.72962,-1.463234,-4.498729,False
6.74076,-1.461767,-4.547661,False
6.751718,-1.367587,-4.443208,False
6.762865,-1.365672,-4.348787,False
6.773998,-1.341646,-4.260971,False
6.785423,-1.419421,-4.214915,False
6.796078,-1.400159,-4.123203,False
6.807398,-1.373262,-4.066913,False
6.818595,-1.318965,-4.151199,False
6.829433,-1.412678,-4.155409,False
6.840755,-1.339132,-4.140996,False
6.851657,-1.242298,-4.116652,False
6.86279,-1.305685,-4.092342,False
6.874253,-1.306456,-4.10759,False
6.884946,-1.289792,-4.105656,False
6.896185,-1.286831,-4.098075,False
6.90719,-1.270563,-4.085104,False
6.918272,-1.284251,-4.077812,False
6.929508,-1.263785,-4.082603,False
6.940515,-1.29002,-4.079178,False
6.951665,-1.28404,-4.062696,False
6.963534,-1.243843,-3.929518,False
6.974277,-1.244168,-3.944849,False
6.984987,-1.224393,-3.895694,False
6.996118,-1.221712,-3.836639,False
7.007264,-1.220767,-3.804223,False
7.018204,-1.219379,-3.817915,False
7.029388,-1.219197,-3.845298,False
7.040585,-1.217437,-3.83303,False
7.051582,-1.140454,-3.702732,False
7.062714,-1.170201,-3.778752,False
7.073837,-1.18809,-3.727709,False
7.084932,-1.171805,-3.675201,False
7.096387,-1.172394,-3.664565,False
7.107265,-1.136373,-3.686708,False
7.118215,-1.130304,-3.696284,False
7.129632,-1.111199,-3.695953,False
7.140885,-1.072315,-3.70897,False
7.151809,-1.072313,-3.687537,False
7.162603,-1.089814,-3.737947,False
7.173768,-0.9902962,-3.572496,False
7.184801,-0.9047647,-3.70433,False
7.196748,-0.9334781,-3.620646,False
7.207345,-0.8453793,-3.738173,False
7.218242,-0.8850982,-3.727431,False
7.229347,-0.9367434,-3.686439,False
7.240513,-1.020671,-3.656601,False
7.251799,-0.992001,-3.75261,False
7.262667,-0.9442797,-3.684873,False
7.273708,-0.9955877,-3.784721,False
7.285134,-1.041594,-3.655103,False
7.295879,-1.020814,-3.742271,False
7.307148,-1.189863,-3.705884,False
7.31814,-1.147632,-3.710573,False
7.329305,-1.16121,-3.571628,False
7.340361,-1.022053,-3.853026,False
7.351438,-1.028632,-3.630805,False
7.362584,-1.033188,-3.68411,False
7.373708,-1.030627,-3.748491,False
7.384805,-0.9731703,-3.590789,False
7.395875,-1.013184,-3.551376,False
7.406991,-0.9141667,-3.686864,False
7.418156,-1.010178,-3.540539,False
7.429244,-1.006774,-3.515072,False
7.440616,-1.00065,-3.532571,False
7.451328,-0.9917458,-3.493394,False
7.462497,-0.9907585,-3.491363,False
7.473642,-0.9770825,-3.67089,False
7.484782,-0.9798133,-3.309606,False
7.495817,-0.9780971,-3.407897,False
7.506958,-0.9892448,-3.407797,False
7.518178,-0.9746091,-3.391443,False
7.5292,-1.006703,-3.300768,False
7.540305,-0.9300861,-3.309662,False
7.551339,-0.9712319,-3.285197,False
7.562543,-0.8761185,-3.149034,False
7.573749,-0.8713043,-3.168579,False
7.584695,-0.9603903,-3.170667,False
7.596162,-0.8989061,-3.1947,False
7.606851,-0.9510245,-3.166625,False
7.618089,-0.9737916,-3.115428,False
7.629185,-0.9074838,-3.176863,False
7.640234,-0.7943761,-3.088972,False
7.651347,-0.8042554,-3.078697,False
7.662425,-0.8045196,-3.10072,False
7.673622,-0.7452857,-3.148044,False
7.684659,-0.8083756,-3.129461,False
7.695833,-0.718717,-3.145588,False
7.707148,-0.8507344,-3.128479,False
7.717967,-0.8646163,-3.156537,False
7.729088,-0.822719,-3.107874,False
7.740578,-0.7124203,-3.102835,False
7.751569,-0.7260805,-3.01626,False
7.762467,-0.7119427,-2.937981,False
7.773643,-0.724817,-2.906597,False
7.784581,-0.7737015,-2.823615,False
7.79564,-0.8191149,-2.773015,False
7.806785,-0.8144706,-2.791018,False
7.817976,-0.7976336,-2.740352,False
7.829307,-0.7374713,-2.723998,False
7.841246,-0.7427753,-2.670141,False
7.85135,-0.7542157,-2.692949,False
7.862454,-0.7742198,-2.722047,False
7.873556,-0.8172648,-2.654031,False
7.884562,-0.832955,-2.733002,False
7.895604,-0.7911963,-2.650711,False
7.907069,-0.8066447,-2.642715,False
7.917827,-0.8389974,-2.68839,False
7.929059,-0.7646093,-2.648515,False
7.940166,-0.7709018,-2.632748,False
7.951088,-0.8254017,-2.632897,False
7.962574,-0.716709,-2.626904,False
7.973522,-0.7248901,-2.552426,False
7.984569,-0.6634054,-2.514546,False
7.995642,-0.6462871,-2.540049,False
8.006836,-0.6601479,-2.482742,False
8.017817,-0.6536075,-2.50807,False
8.028879,-0.6251444,-2.418484,False
8.04031,-0.5969229,-2.36602,False
8.051195,-0.5678006,-2.390554,False
8.062561,-0.5488777,-2.439822,False
8.073338,-1.302255,-2.262631,False
8.084608,-1.98202,-2.110897,False
8.095537,-2.529162,-2.060749,False
8.106848,-3.672396,-2.311784,False
8.11775,-4.294213,-2.16801,False
8.129332,-4.82944,-2.434925,False
8.140356,-5.540015,-2.203918,False
8.151323,-5.300415,-2.563342,False
8.162237,-5.293017,-2.536209,False
8.173796,-5.22625,-2.343793,False
8.184473,-5.25453,-2.42279,False
8.196407,-5.204658,-2.321804,False
8.212818,-5.177199,-2.265932,False
8.239866,-5.15417,-2.433533,False
8.248491,-5.126164,-2.343638,False
8.251612,-5.133921,-2.347183,False
8.256929,-4.953316,-2.316401,False
8.268299,-5.080822,-2.57878,False
8.279263,-5.041354,-2.312802,False
8.290571,-5.152347,-2.337986,False
8.301596,-5.247666,-2.368268,False
8.312912,-5.168097,-2.493525,False
8.32374,-4.779704,-2.097339,False
8.334888,-4.625919,-1.950383,False
8.346008,-4.057143,-1.764626,False
8.356991,-3.32136,-1.392669,False
8.368282,-3.328237,-1.327901,False
8.379189,-3.257977,-1.342242,False
8.390308,-3.141114,-1.24011,False
8.401443,-3.110915,-1.245882,False
8.412498,-3.050667,-1.209859,False
8.423695,-3.093314,-1.271358,False
8.434771,-3.08395,-1.228088,False
8.445837,-3.077035,-1.274351,False
8.457052,-3.051311,-1.248107,False
8.468134,-3.043,-1.233114,False
8.479105,-3.041288,-1.243866,False
8.490421,-3.102623,-1.303979,False
8.501501,-3.125193,-1.243885,False
8.512484,-3.087577,-1.245315,False
8.523769,-3.084221,-1.264403,False
8.53483,-3.098755,-1.280744,False
8.545759,-2.988944,-1.360117,False
8.556911,-2.13868,-1.360467,False
8.56818,-1.720477,-1.288331,False
8.57922,-1.415352,-1.300231,False
8.590269,-1.375017,-1.248111,False
8.601372,-1.377286,-1.285721,False
8.612459,-1.361935,-1.342294,False
8.623623,-1.293565,-1.352976,False
8.634821,-1.28136,-1.347972,False
8.646006,-1.288604,-1.341803,False
8.656952,-1.3133,-1.345312,False
8.668003,-1.326046,-1.34349,False
8.679308,-1.33641,-1.345251,False
8.690279,-1.339603,-1.341785,False
8.701433,-1.341524,-1.342329,False
8.712488,-1.341639,-1.342098,False
8.723555,-1.34073,-1.34004,False
8.734747,-1.33622,-1.339431,False
8.745615,-1.337317,-1.340762,False
8.756939,-1.340648,-1.344321,False
8.767998,-1.336054,-1.341906,False
8.779081,-1.337453,-1.341128,False
8.790407,-1.329667,-1.342293,False
8.801313,-1.342629,-1.339644,False
8.812378,-1.327663,-1.338793,False
8.824215,-1.334144,-1.345277,False
8.836123,-1.336412,-1.352486,False
8.847713,-1.339347,-1.383701,False
8.859573,-1.349081,-1.387474,False
8.871317,-1.335207,-1.373342,False
8.883211,-1.341699,-1.386977,False
8.894875,-1.345458,-1.396152,False
8.906298,-1.348697,-1.3933,False
8.917444,-1.344819,-1.394821,False
8.92856,-1.342865,-1.396203,False
8.939821,-1.33977,-1.396206,False
8.951134,-1.33997,-1.398482,False
8.961821,-1.338194,-1.401993,False
8.973064,-1.33944,-1.407392,False
8.984083,-1.335745,-1.42419,False
8.995623,-1.336066,-1.416331,False
9.006227,-1.337734,-1.402798,False
9.017475,-1.341794,-1.385692,False
9.028595,-1.341204,-1.375325,False
9.039616,-1.351549,-1.372462,False
9.05065,-1.351941,-1.380789,False
9.061823,-1.373761,-1.379394,False
9.073069,-1.377537,-1.408723,False
9.084019,-1.391706,-1.415539,False
9.095293,-1.402675,-1.415692,False
9.106405,-1.397914,-1.415994,False
9.122789,-1.391939,-1.441942,False
9.128647,-1.39194,-1.441944,False
9.139875,-1.355988,-1.459178,False
9.150709,-1.358643,-1.463693,False
9.162083,-1.34849,-1.479021,False
9.17345,-1.341911,-1.481181,False
9.18405,-1.341413,-1.470626,False
9.195194,-1.32284,-1.46949,False
9.206194,-1.304894,-1.465735,False
9.21726,-1.311471,-1.466818,False
9.228428,-1.309724,-1.46806,False
9.23988,-1.300675,-1.477084,False
9.250631,-1.310349,-1.472502,False
9.261833,-1.291791,-1.473903,False
9.272861,-1.291387,-1.482629,False
9.284695,-1.295496,-1.481569,False
9.295815,-1.296601,-1.486384,False
9.307508,-1.326631,-1.482673,False
9.317768,-1.332307,-1.488507,False
9.328886,-1.336341,-1.491418,False
9.340227,-1.361166,-1.503003,False
9.351461,-1.352467,-1.486838,False
9.362318,-1.351545,-1.487874,False
9.373274,-1.347896,-1.501444,False
9.384306,-1.343367,-1.501853,False
9.395315,-1.363393,-1.495525,False
9.406902,-1.364395,-1.480918,False
9.417574,-1.360902,-1.479485,False
9.428503,-1.360247,-1.474552,False
9.439831,-1.373544,-1.473475,False
9.451296,-1.376369,-1.475853,False
9.461985,-1.376528,-1.476936,False
9.473093,-1.37996,-1.463168,False
9.484114,-1.380297,-1.456002,False
9.495178,-1.384784,-1.454731,False
9.506353,-1.395288,-1.44865,False
9.517313,-1.400239,-1.446686,False
9.528336,-1.403232,-1.447147,False
9.539581,-1.409795,-1.447149,False
9.550941,-1.410817,-1.438827,False
9.561716,-1.408088,-1.429637,False
9.573118,-1.404263,-1.43284,False
9.583954,-1.406245,-1.431711,False
9.595125,-1.406489,-1.438416,False
9.606192,-1.40448,-1.425911,False
9.617336,-1.4081,-1.440028,False
9.628315,-1.402651,-1.450951,False
9.639685,-1.401339,-1.451135,False
9.650761,-1.403457,-1.433649,False
9.661829,-1.390716,-1.444177,False
9.673344,-1.397408,-1.431395,False
9.683901,-1.400217,-1.429826,False
9.695568,-1.404888,-1.430121,False
9.706823,-1.401471,-1.42163,False
9.718142,-1.40552,-1.421877,False
9.728596,-1.417295,-1.433549,False
9.739891,-1.427424,-1.442531,False
9.751362,-1.433625,-1.441583,False
9.762606,-1.430915,-1.461954,False
9.773367,-1.438491,-1.490925,False
9.784182,-1.44006,-1.493772,False
9.795284,-1.439044,-1.492635,False
9.806162,-1.440727,-1.501847,False
9.817205,-1.437701,-1.501354,False
9.828356,-1.439457,-1.499879,False
9.839758,-1.441118,-1.502584,False
9.850634,-1.43276,-1.500562,False
9.861757,-1.416951,-1.500083,False
9.872959,-1.387574,-1.517087,False
9.884016,-1.414343,-1.52282,False
9.894985,-1.384809,-1.529018,False
9.906658,-1.356759,-1.490121,False
9.917202,-1.354576,-1.408983,False
9.92853,-1.32565,-1.346308,False
9.939449,-1.298775,-1.35315,False
9.95056,-1.308633,-1.306341,False
9.962008,-1.300413,-1.292279,False
9.973583,-1.173051,-1.309039,False
9.984379,-1.191372,-1.255656,False
9.995577,-1.11344,-1.318709,False
10.00652,-1.003098,-1.269379,False
10.01766,-1.038408,-1.217317,False
10.02868,-0.9333596,-1.248268,False
10.03987,-0.9087092,-1.227881,False
10.05093,-0.8726608,-1.215263,False
10.06162,-0.821804,-1.247504,False
10.0732,-0.7702069,-1.208013,False
10.08463,-0.7464604,-1.29131,False
10.09522,-0.6934357,-1.336732,False
10.10602,-0.6886535,-1.358126,False
10.11708,-0.6768687,-1.358277,False
10.12795,-0.6688418,-1.35743,False
10.13915,-0.6399243,-1.365158,False
10.15042,-0.6368411,-1.365116,False
10.16146,-0.5913799,-1.387528,False
10.17241,-0.6145816,-1.388485,False
10.18364,-0.5534346,-1.365966,False
10.19457,-0.6337047,-1.369172,False
10.20606,-0.6304765,-1.330652,False
10.21687,-0.5933795,-1.398514,False
10.22804,-0.6491809,-1.50045,False
10.23964,-0.6692755,-1.355799,False
10.25027,-0.6427701,-1.364155,False
10.26153,-0.6601574,-1.364793,False
10.2726,-0.6396923,-1.393021,False
10.28345,-0.637218,-1.388737,False
10.29468,-0.6267073,-1.389041,False
10.306,-0.6532342,-1.325287,False
10.3168,-0.6263592,-1.352385,False
10.32784,-0.6519599,-1.35315,False
10.33916,-0.6653135,-1.344352,False
10.35008,-0.6632414,-1.350531,False
10.3612,-0.6718216,-1.350452,False
10.3723,-0.6773305,-1.352054,False
10.38377,-0.6996074,-1.349623,False
10.39468,-0.4548659,-1.113298,False
10.40567,-0.06197,-0.4263667,True
10.41677,-0.01323986,-0.3551537,True
10.42794,-0.09171224,-0.3634501,True
10.43908,-0.163383,-0.361449,True
10.45007,-0.08722055,-0.3763589,True
10.46115,-0.07297766,-0.4106481,True
10.47217,-0.07491088,-0.3888524,True
10.48336,-0.07045412,-0.3997383,True
10.49456,-0.08453226,-0.4132205,True
10.50555,-0.0776751,-0.3954259,True
10.51674,-0.07936668,-0.3939497,True
10.52773,-0.07398677,-0.3917139,True
10.53897,-0.08755636,-0.3706505,True
10.55011,-0.09547126,-0.3582019,True
10.56117,-0.1052015,-0.3472079,True
10.57224,-0.1107256,-0.3395934,True
10.58356,-0.1089939,-0.3376801,True
10.59448,-0.1071252,-0.3334445,True
10.6056,-0.07646346,-0.324653,True
10.61665,-0.07703781,-0.3293934,True
10.62794,-0.05556822,-0.3148497,True
10.6389,-0.03354323,-0.3647319,True
10.65004,-0.03400373,-0.3877954,True
10.66114,-0.04962575,-0.3925239,True
10.67217,-0.03732622,-0.3898945,True
10.68328,-0.03716695,-0.3822149,True
10.69478,-0.03972077,-0.3667204,True
10.7057,-0.07209337,-0.3325603,True
10.71658,-0.07973957,-0.3244517,True
10.72786,-0.06170523,-0.3642836,True
10.73882,-0.057652,-0.4327651,True
10.74995,-0.06088269,-0.4455358,True
10.76116,-0.06604946,-0.4497859,True
10.77216,-0.09389699,-0.5277429,False
10.78352,0.009468555,-0.1774081,True
10.79441,0.1145862,-0.05282986,True
10.80573,0.1506822,-0.1538122,True
10.81656,0.1173862,-0.1669048,True
10.82759,0.09754241,-0.1364354,True
10.83887,0.0882324,-0.1964886,True
10.84991,0.09068882,-0.217528,True
10.86124,0.07951212,-0.2044144,True
10.87206,0.07943773,-0.1932768,True
10.88333,0.08136725,-0.180341,True
10.89427,0.0813235,-0.1694149,True
10.90538,0.07392883,-0.1713897,True
10.91651,0.06997299,-0.1728488,True
10.92763,0.06463897,-0.1671653,True
10.93885,0.06489182,-0.1809249,True
10.94976,0.06002641,-0.1931056,True
10.96128,0.05894721,-0.2069951,True
10.97202,0.06584501,-0.2937772,True
10.98384,0.06522202,-0.2657118,True
10.9943,0.06015396,-0.2596885,True
11.00559,0.06199527,-0.2508105,True
11.01657,0.0592066,-0.2590431,True
11.02751,0.0528394,-0.2658758,True
11.03881,0.03841662,-0.2811983,True
11.04979,0.04820228,-0.2836466,True
11.06108,0.0489403,-0.2840861,True
11.07196,0.0503335,-0.2882358,True
11.0834,0.05242431,-0.286283,True
11.09419,0.0536443,-0.2956765,True
11.10527,0.04806709,-0.3133845,True
11.11645,0.03532481,-0.3180301,True
11.12743,0.03346109,-0.3263742,True
11.13873,0.02786219,-0.3260127,True
11.15001,0.02426946,-0.3249986,True
11.161,0.02222371,-0.3107092,True
11.17204,0.01812208,-0.3137554,True
11.18328,0.01812148,-0.3136462,True
11.19416,0.04169071,-0.2844837,True
11.20524,0.004268527,-0.1894728,True
11.21658,-0.01038241,-0.1329989,True
11.22746,-0.0003120899,-0.1818975,True
11.23889,-0.04061854,-0.2511455,True
11.2497,-0.05060112,-0.3940276,True
11.2608,-0.145395,-0.5408019,False
11.27193,-0.107994,-0.6686037,False
11.2829,-0.1068022,-0.3913944,True
11.29415,-0.06117821,-0.3169683,True
11.30545,0.01963711,-0.4416158,True
11.31637,-0.02727544,-0.2782127,True
11.32755,0.04047704,-0.1681523,True
11.33858,-0.0753808,-0.05982792,True
11.34965,-0.09736156,-0.09611607,True
11.36063,0.01243269,-0.07003713,True
11.37176,-0.02667677,-0.1233159,True
11.38355,-0.02052045,-0.08187664,True
11.39408,-0.03376341,-0.1385895,True
11.40522,-0.007044315,-0.0685792,True
11.41649,-0.04481494,-0.1044648,True
11.42738,-0.04431033,-0.1112424,True
11.43849,-0.04595375,-0.1029032,True
11.44963,-0.04316258,-0.1091534,True
11.46118,-0.04282928,-0.09592557,True
11.47169,-0.040537,-0.08335531,True
11.48303,-0.04042733,-0.07525718,True
11.4941,-0.0390774,-0.07359421,True
11.50511,-0.02528727,-0.07513559,True
11.51663,-0.02425575,-0.08665633,True
11.52722,-0.01876009,-0.08768737,True
11.53844,-0.01928115,-0.09339893,True
11.54949,-0.01917827,-0.09516418,True
11.56077,-0.01699817,-0.08882654,True
11.57172,-0.0233227,-0.087901,True
11.58293,-0.01887858,-0.111406,True
11.59398,-0.02377033,-0.1243548,True
11.60564,-0.02234328,-0.1486086,True
11.61617,-0.03490388,-0.1365005,True
11.6273,-0.03345263,-0.1389019,True
11.63862,-0.04923439,-0.1297346,True
11.64955,-0.04508889,-0.135267,True
11.66067,-0.04332817,-0.1386098,True
11.67172,-0.04010558,-0.1388111,True
11.68277,-0.03688443,-0.1397455,True
11.69398,-0.03584599,-0.1404754,True
11.70508,-0.04322898,-0.1405982,True
11.71616,-0.04343653,-0.1403887,True
11.72721,-0.04655457,-0.1397681,True
11.73825,-0.02723241,-0.1505055,True
11.74959,0.167829,-0.04567695,True
11.76053,0.117883,-0.03351796,True
11.77168,0.1487021,-0.02680981,True
11.78275,0.1814766,-0.07688248,True
11.79404,0.1606871,-0.07722104,True
11.80496,0.1348593,-0.09555578,True
11.8161,0.1260204,-0.1222742,True
11.82724,0.1249969,-0.1259341,True
11.83818,0.1294174,-0.1130842,True
11.84959,0.1301651,-0.115182,True
11.8606,0.1280584,-0.1133912,True
11.8717,0.1252681,-0.1357855,True
11.88268,0.123107,-0.1423749,True
11.89392,0.1220144,-0.1349239,True
11.905,0.1223875,-0.1099094,True
11.91599,0.1236452,-0.1104382,True
11.92711,0.1225873,-0.1087587,True
11.93828,0.1212059,-0.1047823,True
11.94962,0.1199727,-0.1085368,True
11.96064,0.1195545,-0.1085347,True
11.97295,0.123474,-0.116608,True
11.98368,0.135812,-0.1136446,True
11.99455,0.1339316,-0.1147844,True
12.00496,0.1323295,-0.1100672,True
12.01603,0.136351,-0.1160544,True
12.02715,0.1390947,-0.1187927,True
12.0382,0.1334707,-0.108399,True
12.04933,0.1361146,-0.1121804,True
12.06057,0.136596,-0.1212915,True
12.07176,0.1323204,-0.1244076,True
12.0829,0.1266676,-0.1252109,True
12.09435,0.1250139,-0.1288655,True
12.10516,0.1170521,-0.1277691,True
12.11603,0.1211969,-0.1208843,True
12.1271,0.131469,-0.1226212,True
12.13822,0.1372274,-0.1370189,True
12.14951,0.1326667,-0.12923,True
12.1607,0.1312759,-0.1249255,True
12.17149,0.1209798,-0.1196277,True
12.18264,0.1247535,-0.1203833,True
12.19364,0.1226335,-0.1159761,True
12.2048,0.1193281,-0.1058155,True
12.21636,0.1189387,-0.1106216,True
12.22702,0.1104729,-0.1108892,True
12.23805,0.11919,-0.1178379,True
12.24946,0.1093621,-0.1373538,True
12.26043,0.1137862,-0.1424155,True
12.27144,0.118843,-0.183117,True
12.28264,0.1174943,-0.1859462,True
12.29364,0.1201291,-0.1877607,True
12.30488,0.1807336,-0.1595137,True
12.31581,0.1863679,-0.1526065,True
12.32706,0.197935,-0.1405306,True
12.33815,0.2002547,-0.1694621,True
12.34921,0.2034999,-0.1832652,True
12.3603,0.1957299,-0.1842037,True
12.37156,0.1847663,-0.1740949,True
12.38273,0.1913427,-0.1721873,True
12.39362,0.1932883,-0.1752791,True
12.4047,0.1911837,-0.167221,True
12.41607,0.194056,-0.1670508,True
12.42693,0.1939496,-0.1670499,True
12.43799,0.1844746,-0.1650229,True
12.44925,0.1437337,-0.1519738,True
12.46017,0.1392299,-0.1535181,True
12.47146,0.124169,-0.1445863,True
12.4825,0.1269685,-0.1395713,True
12.4935,0.1284136,-0.1362245,True
12.50457,0.1263987,-0.1324375,True
12.51581,0.1202685,-0.1405742,True
12.5268,0.122522,-0.1492974,True
12.53785,0.1244532,-0.1563479,True
12.54909,0.1304826,-0.1644851,True
12.56129,0.1170065,-0.1739451,True
12.5714,0.1027104,-0.1452721,True
12.58326,0.0827105,-0.1253124,True
12.594,0.06711185,-0.1266397,True
12.60468,0.04893279,-0.1330835,True
12.61568,0.05759084,-0.1431459,True
12.62683,0.06065369,-0.1582397,True
12.63789,0.07936382,-0.1748703,True
12.64904,0.06688488,-0.1531188,True
12.66013,0.06983507,-0.1629834,True
12.67116,0.07033598,-0.1573192,True
12.6825,0.07126272,-0.1539686,True
12.69337,0.07323611,-0.1524018,True
12.70531,0.09527493,-0.1417685,True
12.71575,0.1175364,-0.1390866,True
12.72709,0.1209505,-0.1321923,True
12.73803,0.1302372,-0.1425315,True
12.74903,0.1207943,-0.1585236,True
12.76022,0.1327894,-0.1637696,True
12.77121,0.1389893,-0.1489993,True
12.78232,0.1864978,-0.13199,True
12.79338,0.1798545,-0.131211,True
12.8045,0.1772025,-0.1655985,True
12.81565,0.1717461,-0.1813695,True
12.82677,0.1554407,-0.1713187,True
12.83788,0.1205494,-0.1698747,True
12.84893,0.1191698,-0.1672341,True
12.86016,0.1211474,-0.1646228,True
12.87122,0.1330146,-0.1663985,True
12.88246,0.1413954,-0.1632047,True
12.89371,0.1458569,-0.1551423,True
12.90445,0.1447866,-0.1671252,True
12.91563,0.1420112,-0.1608969,True
12.92671,0.1436974,-0.1618551,True
12.93777,0.1434767,-0.1602767,True
12.94892,0.1971492,-0.1572796,True
12.95997,0.1748632,-0.1866882,True
12.97104,0.1692305,-0.1831417,True
12.98874,0.1859424,-0.174642,True
12.99342,0.1859421,-0.1746411,True
13.0045,0.1821916,-0.1963352,True
13.01542,0.1521908,-0.1589761,True
13.02661,0.1454883,-0.1473656,True
13.03786,0.1451573,-0.1601841,True
13.04901,0.141806,-0.1463941,True
13.05996,0.1416638,-0.1410384,True
13.07103,0.1424028,-0.1416734,True
13.08212,0.1419873,-0.1276121,True
13.0934,0.142639,-0.1306572,True
13.10433,0.1426828,-0.1221656,True
13.11546,0.1306618,-0.111209,True
13.12657,0.131438,-0.117805,True
13.1377,0.1271093,-0.1286707,True
13.14907,0.1602718,-0.1427417,True
13.16009,0.1890409,-0.1652927,True
13.17101,0.1898109,-0.1787137,True
13.18227,0.2035935,-0.1728921,True
13.19352,0.2016375,-0.1797345,True
13.20454,0.1926436,-0.1844727,True
13.2156,0.1932282,-0.2063479,True
13.22646,0.1916755,-0.221835,True
13.23753,0.1921244,-0.2041913,True
13.24881,0.1860174,-0.2154106,True
13.25981,0.1800601,-0.2163659,True
13.2713,0.1725574,-0.2096689,True
13.28232,0.1479729,-0.195031,True
13.29317,0.1524087,-0.2037005,True
13.30466,0.1214612,-0.225854,True
13.31537,0.1007775,-0.2070901,True
13.32654,0.1460831,-0.2766834,True
13.33804,0.1071532,-0.2807648,True
13.3491,-0.006800294,-0.6147017,False
13.35995,0.05778039,-0.3142086,True
13.37091,-0.003170967,-0.3424071,True
13.38206,-0.0224117,-0.259205,True
13.39333,-0.03322518,-0.2664303,True
13.4043,0.01434469,-0.1553996,True
13.41529,0.05538487,-0.09199798,True
13.42646,-0.03067768,-0.0734812,True
13.43752,0.07748389,-0.1741304,True
13.4487,0.0610503,-0.05286181,True
13.45973,0.17804,-0.1942732,True
13.47078,0.144418,-0.2727306,True
13.48234,0.1248356,-0.2942712,True
13.49312,0.1282656,-0.2832799,True
13.50436,0.1125504,-0.2518485,True
13.51535,0.1297199,-0.238676,True
13.52641,0.2263709,-0.2486593,True
13.53756,0.07534361,-0.2393205,True
13.54866,0.07801807,-0.263626,True
13.55975,0.1143093,-0.2853522,True
13.57117,0.150565,-0.288996,True
13.58214,0.1304262,-0.3113737,True
13.59302,0.1487056,-0.2195473,True
13.60423,0.1120588,-0.1515292,True
13.61527,0.05760479,-0.1106421,True
13.62664,0.06057489,-0.09086156,True
13.63743,0.0728507,-0.1612082,True
13.64863,0.05565405,-0.1194073,True
13.65977,0.04127944,-0.1014354,True
13.67092,0.03016496,-0.08344603,True
13.68198,0.0199765,-0.1726091,True
13.69344,0.06480241,-0.152904,True
13.70416,0.1171473,-0.1800506,True
13.71535,0.1439993,-0.2318879,True
13.72626,0.1372221,-0.2302063,True
13.73741,0.1098714,-0.1913612,True
13.74852,0.04236042,-0.1725638,True
13.75964,0.03890324,-0.1618537,True
13.77081,0.03701532,-0.1539879,True
13.78183,0.03641999,-0.1700294,True
13.79282,0.04132056,-0.1734006,True
13.80433,0.04154134,-0.1796999,True
13.81577,0.04654515,-0.1806608,True
13.82622,0.02872944,-0.1793511,True
13.83731,0.04022074,-0.1955827,True
13.84859,-0.006975651,-0.1906347,True
13.85956,0.01460958,-0.2182034,True
13.87114,-0.01521385,-0.2014307,True
13.88233,-0.05160308,-0.1991156,True
13.89311,-0.0631851,-0.2183809,True
13.90402,-0.0654968,-0.239493,True
13.91522,-0.05945051,-0.2660067,True
13.92709,-0.08235347,-0.268042,True
13.93723,-0.09665632,-0.2545356,True
13.94878,-0.1296177,-0.1288896,True
13.95983,-0.1331544,-0.1083964,True
13.9711,-0.01591194,-0.1657768,True
13.98192,0.1263181,-0.1028215,True
13.99292,0.08695149,-0.08726275,True
14.00398,0.087304,-0.1286701,True
14.01532,0.09922349,-0.1168863,True
14.027,0.1185195,-0.1283008,True
14.03723,0.1226304,-0.132728,True
14.04843,0.1301902,-0.15135,True
14.05947,0.1222804,-0.144049,True
14.07061,0.1120318,-0.1092257,True
14.08168,0.05637741,-0.04891574,True
14.09301,0.05482805,-0.05493152,True
14.10382,0.05721271,-0.05358565,True
14.11528,0.06272185,-0.06282532,True
14.12638,0.0680213,-0.06771004,True
14.13721,0.08560401,-0.08933914,True
14.14862,0.1403962,-0.1400837,True
14.16002,0.1406081,-0.1403996,True
14.17196,0.07375455,-0.08495748,True
14.18309,0.07032359,-0.08142185,True
14.1931,0.07169271,-0.09565973,True
14.20441,0.07928431,-0.09993529,True
14.21497,0.07721293,-0.1018094,True
14.22689,0.08030379,-0.1214422,True
14.2372,0.1141059,-0.1434654,True
14.24906,0.1363851,-0.1364896,True
14.25939,0.1467761,-0.1365601,True
14.27054,0.1484016,-0.1438134,True
14.28172,0.1442856,-0.1557616,True
14.29267,0.1221751,-0.2235162,True
14.30422,-0.05179977,-0.2204623,True
14.31495,-0.01895559,-0.1939286,True
14.32609,-0.01219594,-0.2057675,True
14.33718,-0.01326036,-0.2256423,True
14.34833,-0.01694119,-0.2429284,True
14.3594,-0.02134562,-0.2487144,True
14.3704,-0.02427971,-0.2503312,True
14.38152,-0.03624725,-0.2602267,True
14.39307,-0.03445828,-0.2577558,True
14.40376,-0.03644145,-0.2553002,True
14.41484,-0.04114401,-0.2516817,True
14.42648,-0.04386473,-0.2507304,True
14.43717,-0.04649138,-0.2527705,True
14.44864,-0.05035198,-0.2488295,True
14.45962,-0.05270183,-0.2352756,True
14.47086,-0.05091286,-0.2330285,True
14.48157,-0.04858756,-0.2273704,True
14.49261,-0.04588473,-0.2316216,True
14.50373,-0.04376757,-0.2245835,True
14.51487,-0.0326637,-0.2152896,True
14.5267,-0.02473414,-0.2177041,True
14.53704,-0.02086282,-0.2126986,True
14.54873,-0.01156735,-0.2026899,True
14.55933,-0.006352305,-0.1957899,True
14.57023,-0.009893656,-0.195375,True
14.58176,0.0005208254,-0.1877786,True
14.59285,0.001353979,-0.1987371,True
14.60419,0.02172303,-0.2264235,True
14.61482,0.02633226,-0.2316619,True
14.62601,0.03254426,-0.2474818,True
14.6371,0.03557217,-0.2447156,True
14.64811,0.04051435,-0.2509376,True
14.65917,0.03505886,-0.2481326,True
14.67055,0.0299083,-0.2403126,True
14.68175,0.0178436,-0.2169405,True
14.69248,0.01753068,-0.217046,True
14.70363,0.01335871,-0.2195797,True
14.71478,0.01284063,-0.2231978,True
14.72576,0.01273799,-0.2250051,True
14.73697,0.0113759,-0.22032,True
14.74875,-0.02353001,-0.1855323,True
14.75913,-0.03603578,-0.1887201,True
14.77025,-0.0358206,-0.1847252,True
14.78149,-0.03686726,-0.1873572,True
14.79241,-0.03530669,-0.1886132,True
14.80354,-0.02740896,-0.2001998,True
14.81468,0.01565123,-0.2165089,True
14.82575,0.0173198,-0.2156615,True
14.83693,0.02905238,-0.2325237,True
14.84807,0.02351129,-0.2323967,True
14.85929,0.02455842,-0.233146,True
14.87014,0.02215612,-0.2345216,True
14.8812,0.01827466,-0.2259823,True
14.89244,0.0123204,-0.2251098,True
14.90365,0.01315451,-0.2239434,True
14.91469,0.02681935,-0.215804,True
14.92586,0.02753484,-0.2093259,True
14.93684,0.04076493,-0.2326741,True
14.948,0.03763175,-0.2338382,True
14.95909,0.03283668,-0.2021281,True
14.97018,0.03052163,-0.1937547,True
14.98164,0.03408992,-0.2026621,True
14.99236,0.03469741,-0.1964086,True
15.00346,0.03980899,-0.1970633,True
15.01465,0.03873992,-0.1854724,True
15.0258,0.03926575,-0.1881001,True
15.03673,0.04791367,-0.1865506,True
15.04787,0.04529524,-0.1809722,True
15.05925,0.05355144,-0.1898264,True
15.07012,0.05421841,-0.2003998,True
15.08125,0.07237196,-0.2156534,True
15.09254,0.0739677,-0.2033325,True
15.10362,0.07276106,-0.2109752,True
15.11458,0.06217289,-0.2045666,True
15.12557,0.05646396,-0.2117658,True
15.1368,0.04925299,-0.2109948,True
15.14828,0.03241479,-0.2005342,True
15.15892,0.01926553,-0.1909854,True
15.17,0.001768231,-0.1744477,True
15.1812,-0.00457716,-0.1748747,True
15.19259,0.00530839,-0.1857978,True
15.20333,0.03960681,-0.1991808,True
15.21469,0.08138847,-0.2345412,True
15.22566,0.08234775,-0.2368939,True
15.23698,0.08588147,-0.218256,True
15.24777,0.06442821,-0.1967245,True
15.259,0.06371748,-0.2004334,True
15.27009,0.07402062,-0.211726,True
15.28117,0.08060157,-0.211004,True
15.29223,0.08977747,-0.2076365,True
15.30379,0.09955335,-0.1990021,True
15.31452,0.08078098,-0.2066494,True
15.32549,0.06316364,-0.1944932,True
15.33672,0.04800141,-0.1796147,True
15.34776,0.04322207,-0.1861149,True
15.35891,0.04332697,-0.1864302,True
15.37031,0.04583097,-0.187385,True
15.38108,0.05202281,-0.1996477,True
15.39218,0.05658507,-0.1932009,True
15.4032,0.06095648,-0.1899552,True
15.41442,0.056463,-0.1869948,True
15.42562,0.0468756,-0.188544,True
15.4368,0.04310322,-0.1792841,True
15.44792,0.03571463,-0.1835719,True
15.45886,0.03728139,-0.1856787,True
15.46997,0.037714,-0.1941961,True
15.4812,0.08109128,-0.1898046,True
15.49259,0.07611871,-0.1965524,True
15.5032,0.07732391,-0.2053623,True
15.51484,0.07295585,-0.2085338,True
15.5259,0.06757057,-0.1988533,True
15.53659,0.06380892,-0.198099,True
15.54779,0.06734598,-0.1959925,True
15.55885,0.06398261,-0.1904889,True
15.56988,0.06543922,-0.189232,True
15.5811,0.07514393,-0.1898924,True
15.59231,0.07178509,-0.1843077,True
15.60336,0.06534028,-0.191018,True
15.61434,0.06552351,-0.1831323,True
15.62552,0.06990242,-0.182934,True
15.63647,0.07035267,-0.1922969,True
15.64767,0.08379471,-0.1871831,True
15.65903,0.09556699,-0.1817539,True
15.66997,0.09439468,-0.1768074,True
15.6811,0.097821,-0.1716816,True
15.69224,0.09678519,-0.1739835,True
15.70318,0.092273,-0.1691322,True
15.71435,0.09135091,-0.1731188,True
15.72537,0.09293842,-0.1778537,True
15.73676,0.09564936,-0.177128,True
15.74753,0.09229636,-0.1743834,True
15.75875,0.08769703,-0.1722702,True
15.7698,0.08728719,-0.1740535,True
15.78117,0.09469926,-0.17523,True
15.79191,0.09294283,-0.1789041,True
15.80328,0.08597779,-0.1849822,True
15.8145,0.09673655,-0.1854464,True
15.82549,0.1040798,-0.1871972,True
15.83664,0.1061741,-0.1868997,True
15.84754,0.1094406,-0.190087,True
15.85872,0.1082239,-0.1948441,True
15.86977,0.1069225,-0.1896443,True
15.88137,0.1047816,-0.1971437,True
15.892,0.09670174,-0.1965337,True
15.90347,0.0950377,-0.1982139,True
15.91429,-0.1092378,-0.08982015,True
15.92525,-0.08624339,-0.0986979,True
15.93643,-0.08468091,-0.09682298,True
15.94775,-0.08697605,-0.1001574,True
15.95861,-0.08183157,-0.1138171,True
15.96997,-0.07103908,-0.1197491,True
15.98092,-0.03814936,-0.1489594,True
15.99231,-0.0302459,-0.1491516,True
16.003,-0.02912211,-0.1627696,True
16.0143,-0.02102947,-0.18458,True
16.02534,-0.02258706,-0.1806976,True
16.03688,-0.02706885,-0.1838614,True
16.04752,-0.01866245,-0.2066398,True
16.05854,-0.01783121,-0.2091813,True
16.06956,-0.01752055,-0.21035,True
16.08114,-0.0323056,-0.1986271,True
16.09222,-0.03269207,-0.1829318,True
16.10287,-0.03373551,-0.1837745,True
16.1144,-0.0382247,-0.1886241,True
16.12518,-0.04373491,-0.1824365,True
16.13632,-0.04723978,-0.1659633,True
16.14766,-0.03912628,-0.169928,True
16.15895,-0.03640521,-0.1624731,True
16.16981,-0.03827858,-0.1623725,True
16.18076,-0.04201877,-0.1588186,True
16.1918,-0.04067206,-0.1621686,True
16.2029,-0.04150188,-0.1604939,True
16.21416,-0.05545139,-0.1604246,True
16.22537,-0.05795157,-0.1609548,True
16.23646,-0.05992889,-0.1603309,True
16.24812,-0.0588026,-0.1669382,True
16.25924,-0.05943131,-0.1681987,True
16.2702,-0.05494523,-0.1659822,True
16.28111,-0.04234588,-0.1661586,True
16.29178,-0.05265391,-0.165872,True
16.30343,-0.046103,-0.1701553,True
16.31463,-0.04585254,-0.1513866,True
16.32511,-0.04588032,-0.1636512,True
16.33618,-0.04889858,-0.1632391,True
16.34738,-0.05325627,-0.1571685,True
16.35852,-0.05148208,-0.1555905,True
16.36951,-0.04283631,-0.1519032,True
16.38113,-0.04336357,-0.1551529,True
16.39168,-0.04575777,-0.1554724,True
16.40291,-0.04388666,-0.1564109,True
16.41393,-0.0387913,-0.1583898,True
16.425,-0.03848219,-0.1597528,True
16.43614,-0.0320276,-0.1578504,True
16.44726,-0.03078282,-0.1605711,True
16.45894,-0.02641249,-0.1594081,True
16.46962,-0.01154172,-0.1631445,True
16.48061,-0.009358525,-0.1648179,True
16.49156,0.0008318424,-0.1645882,True
16.50281,-0.004885793,-0.1607192,True
16.51391,-0.0002080202,-0.159765,True
16.52538,-0.005613089,-0.1582054,True
16.5363,0.011657,-0.1827689,True
16.54725,0.04360318,-0.2081077,True
16.55838,0.04959464,-0.2177992,True
16.56935,0.05329382,-0.2269683,True
16.58101,0.0462817,-0.225453,True
16.59193,0.03485429,-0.2142392,True
16.60339,0.02416325,-0.1923674,True
16.61451,0.01447546,-0.1928653,True
16.62506,0.01718199,-0.1907691,True
16.63616,0.01614058,-0.1911865,True
16.64724,0.0185374,-0.1923516,True
