398.3024
0,(2.8, 0.0, -0.7),True,0.5655212,0.5655212,True
1,(2.8, 0.0, 2.1),False,0,0,False
2,(0.7, 0.0, -1.4),True,5.818417,0.4775047,True
3,(0.7, 0.0, -3.5),False,0,0,False
4,(0.7, 0.0, -1.4),True,9.283382,0.4997978,True
5,(3.5, 0.0, 0.7),False,0,0,False
6,(1.4, 0.0, 3.5),False,0,0,False
7,(2.8, 0.0, 0.7),True,16.18087,0.3990707,True
8,(0.7, 0.0, 1.4),True,18.31303,0.5886421,True
9,(0.7, 0.0, 2.8),True,20.98899,0.444191,True
10,(-0.7, 0.0, 0.7),True,23.08939,0.5454674,True
11,(-0.7, 0.0, 3.5),True,26.33131,0.7436295,True
12,(-0.7, 0.0, -3.5),False,0,0,False
13,(-0.7, 0.0, 0.7),True,29.55182,0.3546524,True
14,(1.4, 0.0, -0.7),True,31.87387,0.188343,True
15,(-1.4, 0.0, -2.1),True,34.79422,0.4550781,True
16,(0.7, 0.0, 2.8),True,37.89243,0.4221115,True
17,(-0.7, 0.0, -0.7),True,39.85869,0.3779526,True
18,(-2.1, 0.0, -1.4),True,42.2016,0.4771423,True
19,(-1.4, 0.0, -0.7),True,43.8563,0.4216385,True
20,(3.5, 0.0, -0.7),False,0,0,False
21,(-2.1, 0.0, -2.8),False,0,0,False
22,(-2.1, 0.0, 2.8),True,52.66343,0.7774963,True
23,(-1.4, 0.0, 3.5),False,0,0,False
24,(-1.4, 0.0, -2.1),True,55.91726,0.4109573,True
25,(-2.1, 0.0, 2.8),False,0,0,False
26,(2.1, 0.0, 2.8),True,59.4158,0.5110397,True
27,(2.1, 0.0, -1.4),True,61.17033,0.4438782,True
28,(-1.4, 0.0, -3.5),False,0,0,False
29,(1.4, 0.0, 0.7),True,65.79033,0.4774628,True
30,(2.1, 0.0, -2.8),True,68.93347,0.6882629,True
31,(3.5, 0.0, -1.4),False,0,0,False
32,(-1.4, 0.0, -2.1),True,73.4646,0.5996704,True
33,(-2.1, 0.0, 1.4),True,74.89752,0.4889603,True
34,(3.5, 0.0, 0.7),False,0,0,False
35,(2.8, 0.0, -0.7),True,80.42831,0.3333588,True
36,(-2.8, 0.0, -2.1),False,0,0,False
37,(0.7, 0.0, -2.8),True,84.87048,0.433136,True
38,(2.8, 0.0, -0.7),True,87.35855,0.3776169,True
39,(-1.4, 0.0, 3.5),False,0,0,False
40,(0.7, 0.0, 0.7),True,91.47888,0.3552399,True
41,(-3.5, 0.0, 1.4),False,0,0,False
42,(3.5, 0.0, 1.4),False,0,0,False
43,(-2.8, 0.0, 2.1),False,0,0,False
44,(-3.5, 0.0, 0.7),False,0,0,False
45,(1.4, 0.0, -0.7),True,101.7522,0.3779297,True
46,(-0.7, 0.0, 2.8),True,105.1611,0.6436615,True
47,(2.1, 0.0, 2.8),True,107.1162,0.5666351,True
48,(3.5, 0.0, -1.4),False,0,0,False
49,(0.7, 0.0, -2.8),True,111.8579,0.4326935,True
50,(-1.4, 0.0, -0.7),True,114.069,0.5670624,False
51,(1.4, 0.0, -2.1),True,116.4125,0.42276,True
52,(-3.5, 0.0, -1.4),False,0,0,False
53,(2.8, 0.0, 0.7),True,121.8091,0.4333801,True
54,(-1.4, 0.0, 2.1),True,124.2188,0.4663391,True
55,(2.8, 0.0, -2.1),False,0,0,False
56,(1.4, 0.0, -2.1),True,129.2054,0.3884277,True
57,(-1.4, 0.0, 3.5),False,0,0,False
58,(0.7, 0.0, -3.5),False,0,0,False
59,(-2.1, 0.0, 1.4),True,136.2134,0.4439087,True
60,(-0.7, 0.0, 1.4),True,139.4009,0.3666382,True
61,(0.7, 0.0, -0.7),True,142.1328,0.6105347,True
62,(-3.5, 0.0, -0.7),False,0,0,False
63,(3.5, 0.0, 1.4),False,0,0,False
64,(2.1, 0.0, 1.4),True,147.4424,0.7666779,True
65,(-2.1, 0.0, 2.8),False,0,0,False
66,(2.8, 0.0, 0.7),True,153.0397,0.5669708,True
67,(0.7, 0.0, -1.4),True,154.938,0.5213623,True
68,(3.5, 0.0, 1.4),False,0,0,False
69,(-0.7, 0.0, 2.8),True,159.5024,0.5880432,True
70,(-1.4, 0.0, 0.7),True,162.4565,0.4664307,True
71,(2.8, 0.0, 2.1),True,165.3442,0.6330566,True
72,(0.7, 0.0, 3.5),False,0,0,False
73,(-2.1, 0.0, 1.4),True,170.4648,0.7442932,True
74,(-1.4, 0.0, 0.7),True,173.308,0.3215332,True
75,(0.7, 0.0, 1.4),True,175.8073,0.4112244,True
76,(-2.8, 0.0, -2.1),False,0,0,False
77,(2.1, 0.0, 1.4),True,179.7715,0.2218933,True
78,(1.4, 0.0, 0.7),True,181.826,0.4104767,True
79,(-0.7, 0.0, -1.4),True,183.5137,0.4103851,True
80,(1.4, 0.0, 3.5),False,0,0,False
81,(-2.1, 0.0, -1.4),True,188.6009,0.3886261,True
82,(1.4, 0.0, -2.1),True,191.3879,0.4158936,True
83,(-0.7, 0.0, -0.7),True,194.0866,0.4110413,False
84,(-0.7, 0.0, 1.4),True,196.0191,0.577713,True
85,(2.1, 0.0, 1.4),True,198.3954,0.3774872,True
86,(-2.8, 0.0, -0.7),True,200.3613,0.4333038,True
87,(0.7, 0.0, -3.5),False,0,0,False
88,(-3.5, 0.0, 1.4),False,0,0,False
89,(-0.7, 0.0, -2.8),True,208.7351,0.6664429,True
90,(0.7, 0.0, -0.7),True,211.023,0.3332367,False
91,(3.5, 0.0, -0.7),False,0,0,False
92,(-2.1, 0.0, -2.8),True,217.1534,0.544281,True
93,(-3.5, 0.0, -1.4),False,0,0,False
94,(2.8, 0.0, -2.1),False,0,0,False
95,(1.4, 0.0, -3.5),False,0,0,False
96,(0.7, 0.0, 3.5),False,0,0,False
97,(1.4, 0.0, -0.7),True,228.7146,0.4553528,True
98,(-2.8, 0.0, -0.7),True,231.158,0.6218872,True
99,(1.4, 0.0, 0.7),True,233.3796,0.477478,True
100,(-3.5, 0.0, 0.7),False,0,0,False
101,(-0.7, 0.0, 2.8),False,0,0,False
102,(2.1, 0.0, -2.8),False,0,0,False
103,(3.5, 0.0, -0.7),False,0,0,False
104,(-3.5, 0.0, -1.4),False,0,0,False
105,(3.5, 0.0, -1.4),False,0,0,False
106,(-0.7, 0.0, -3.5),False,0,0,False
107,(2.1, 0.0, -1.4),True,250.0505,0.3888245,True
108,(-2.8, 0.0, 0.7),True,253.4255,0.4554138,True
109,(-0.7, 0.0, 3.5),False,0,0,False
110,(-1.4, 0.0, -3.5),False,0,0,False
111,(0.7, 0.0, 2.8),True,260.0334,0.6220703,True
112,(-0.7, 0.0, -0.7),True,262.5101,0.3664551,False
113,(-2.8, 0.0, -0.7),True,264.3427,0.4331665,True
114,(2.8, 0.0, 2.1),False,0,0,False
115,(1.4, 0.0, 2.1),False,0,0,False
116,(-0.7, 0.0, 1.4),True,271.9502,0.3999329,True
117,(-2.8, 0.0, 2.1),False,0,0,False
118,(2.1, 0.0, -2.8),False,0,0,False
119,(-0.7, 0.0, -2.8),True,278.2362,0.5443726,True
120,(-1.4, 0.0, -0.7),True,279.9242,0.6108704,True
121,(2.1, 0.0, -1.4),True,283.0004,0.4103699,False
122,(-0.7, 0.0, 0.7),True,284.511,0.5553589,True
123,(0.7, 0.0, 3.5),False,0,0,False
124,(0.7, 0.0, -2.8),True,288.8978,0.4331055,True
125,(-0.7, 0.0, -2.8),True,291.1189,0.732666,True
126,(-0.7, 0.0, -3.5),False,0,0,False
127,(-0.7, 0.0, -1.4),True,295.6282,0.4510803,True
128,(0.7, 0.0, 0.7),True,298.2048,0.4111633,True
129,(-1.4, 0.0, 0.7),True,299.582,0.444397,True
130,(-3.5, 0.0, 0.7),False,0,0,False
131,(1.4, 0.0, -3.5),False,0,0,False
132,(3.5, 0.0, 0.7),False,0,0,False
133,(0.7, 0.0, 0.7),True,310.1323,0.4106445,True
134,(-3.5, 0.0, 1.4),False,0,0,False
135,(1.4, 0.0, 3.5),False,0,0,False
136,(0.7, 0.0, 1.4),True,317.8621,0.3775635,True
137,(-2.8, 0.0, 0.7),True,321.0829,0.4331665,True
138,(-1.4, 0.0, 2.1),True,322.6931,0.5441589,True
139,(-1.4, 0.0, -3.5),False,0,0,False
140,(2.1, 0.0, 2.8),False,0,0,False
141,(-2.8, 0.0, 2.1),False,0,0,False
142,(-0.7, 0.0, 3.5),False,0,0,False
143,(1.4, 0.0, 2.1),False,0,0,False
144,(-2.8, 0.0, 0.7),True,336.9421,0.4553833,True
145,(-2.1, 0.0, -1.4),True,338.7412,0.5331116,True
146,(1.4, 0.0, 2.1),True,341.2624,0.4221191,True
147,(-3.5, 0.0, -0.7),False,0,0,False
148,(-1.4, 0.0, 2.1),True,344.4609,0.333313,True
149,(-2.8, 0.0, -2.1),True,347.4595,0.4108582,True
150,(-0.7, 0.0, -1.4),True,350.3029,0.400116,True
151,(1.4, 0.0, -3.5),False,0,0,False
152,(2.8, 0.0, -2.1),False,0,0,False
153,(0.7, 0.0, -0.7),False,0,0,False
154,(-3.5, 0.0, -0.7),False,0,0,False
155,(-2.1, 0.0, -2.8),False,0,0,False
