0.02753735,-0.517169,-3.315977,False
0.03304911,-0.5182595,-3.322973,False
0.04107141,-0.4287531,-3.345923,False
0.05198383,-0.471813,-3.227711,False
0.06301403,-0.4099889,-3.183877,False
0.07406712,-0.2968965,-3.127087,False
0.08531904,-0.2036707,-3.031456,False
0.09683228,-0.1451416,-3.098558,False
0.107698,-0.08079219,-3.133838,False
0.1188021,-0.001687288,-3.068304,False
0.1301179,0.01349187,-3.053831,False
0.1409211,0.005663157,-3.060264,False
0.1522584,0.009275913,-3.053885,False
0.1630249,0.006265402,-3.056696,False
0.1742487,-0.002159834,-2.975822,False
0.1855702,0.08972096,-2.063931,False
0.1970072,0.2523022,-1.487154,False
0.2078853,0.3673923,-0.7221558,False
0.2186418,0.5100175,0.02583551,False
0.2295785,0.5109162,-0.02728319,False
0.2410641,0.4592364,-0.1170199,True
0.2519436,0.391399,-0.01588273,True
0.2628493,0.3668749,-0.07556438,True
0.2742219,0.3180408,-0.1088309,True
0.2854662,0.2475376,-0.10218,True
0.296133,0.2497362,-0.1409359,True
0.3072562,0.2592241,-0.1441181,True
0.31849,0.2201207,-0.152303,True
0.3297105,0.2224836,-0.1631134,True
0.3407488,0.215286,-0.1300929,True
0.3518777,0.2170842,-0.1288476,True
0.3628359,0.2260153,-0.1167235,True
0.3738918,0.242565,-0.09813619,True
0.3850398,0.2807684,-0.08130026,True
0.3966284,0.2738576,-0.08586264,True
0.4077587,0.2645838,-0.07907128,True
0.419239,0.2555989,-0.081846,True
0.4305816,0.2531383,-0.0825634,True
0.4420943,0.246251,-0.09332585,True
0.4532161,0.2131522,-0.1009338,True
0.4644966,0.2056608,-0.09625363,True
0.4758759,0.2053076,-0.09195542,True
0.4871025,0.1885641,-0.08870459,True
0.4988561,0.1885426,-0.08306646,True
0.5095811,0.1956755,-0.0956471,True
0.5209846,0.1570334,-0.08262682,True
0.5322361,0.1581886,-0.08367348,True
0.5437565,0.1305361,-0.08272767,True
0.5551753,0.1403676,-0.08078957,True
0.5663495,0.1437398,-0.08830285,True
0.5773802,0.1665912,-0.08652306,True
0.5883679,0.1587242,-0.08680308,True
0.5996723,0.1694114,-0.08225906,True
0.6103563,0.1430805,-0.1039541,True
0.6220527,0.1352373,-0.1063164,True
0.6325221,0.131605,-0.1113178,True
0.6439271,0.1407839,-0.1054049,True
0.6547294,0.1579758,-0.1042414,True
0.665966,0.1728058,-0.1066226,True
0.6771607,0.128594,-0.1150693,True
0.6881094,0.09598529,-0.115203,True
0.69906,0.06995177,-0.1053433,True
0.7102776,0.0584141,-0.1032363,True
0.7212477,0.06984401,-0.1039872,True
0.7323608,0.09603775,-0.1036167,True
0.743608,0.1504773,-0.1119471,True
0.7548957,0.1528283,-0.1174084,True
0.7657185,0.1467683,-0.1504194,True
0.7766962,0.127593,-0.138842,True
0.7879295,0.1201328,-0.1353313,True
0.7990284,0.1194172,-0.1384696,True
0.8101506,0.1426743,-0.135588,True
0.821085,0.1555936,-0.135988,True
0.8324075,0.1714003,-0.1397712,True
0.8433619,0.1705438,-0.1381876,True
0.854454,0.1687061,-0.1451123,True
0.8655968,0.1574886,-0.1363167,True
0.8769155,0.143353,-0.1425186,True
0.887845,0.1303535,-0.1282712,True
0.89891,0.1223646,-0.1576977,True
0.9101911,-0.09130907,-0.02031386,True
0.921113,-0.1535454,-0.03794444,True
0.9320698,-0.1459548,0.01817954,True
0.9434199,-0.1311988,0.01162529,True
0.9546218,-0.1276547,0.01556778,True
0.9654131,-0.1132282,0.0009325743,True
0.9766641,-0.07772422,-0.02829158,True
0.9885306,-0.07709682,-0.02487004,True
0.9991055,-0.05428696,-0.03232324,True
1.010274,-0.04319155,-0.02962351,True
1.021111,-0.03603983,-0.0283767,True
1.032385,-0.03489912,-0.02671838,True
1.043498,-0.02920067,-0.02640474,True
1.054646,-0.02785993,-0.03894198,True
1.065705,-0.02009249,-0.0465039,True
1.076497,-0.008077025,-0.0464958,True
1.087524,-0.008590817,-0.02152979,True
1.098824,-0.008384228,-0.0241183,True
1.109795,-0.02515149,-0.005175352,True
1.12104,-0.03903234,-0.009111047,True
1.13195,-0.0532372,-0.01822925,True
1.143324,-0.04929399,-0.01418769,True
1.154303,-0.0412097,-0.01190734,True
1.165289,-0.04152024,-0.01138926,True
1.17641,-0.04297054,-0.01097584,True
1.188082,-0.04514599,-0.0106653,True
1.19925,-0.0373733,-0.006211519,True
1.209961,-0.01583266,-0.001552224,True
1.221046,-0.006725907,-0.00507021,True
1.232304,0.01387095,-0.01966691,True
1.242977,0.01024711,-0.01852739,True
1.260985,-0.0007241964,-0.02245915,True
1.265292,-0.0007240772,-0.02245808,True
1.276305,-0.01252496,-0.02142692,True
1.287348,-0.0155282,-0.02370727,True
1.298476,-0.00714159,-0.017905,True
1.309762,-0.00662303,-0.009313226,True
1.320824,-0.006312132,-0.01034832,True
1.331796,-0.005794644,-0.01148701,True
1.343129,-0.01417935,-0.01221287,True
1.354088,-0.02049398,-0.01014352,True
1.365137,-0.02443027,-0.0142858,True
1.376454,-0.02536094,-0.01055896,True
1.387428,-0.02422178,-0.01024818,True
1.398614,-0.02505028,-0.0109725,True
1.40952,-0.02608621,-0.0112834,True
1.420692,-0.02619064,-0.01366484,True
1.431835,-0.02401626,-0.0146997,True
1.442814,-0.0225693,-0.02215552,True
1.454015,-0.02485037,-0.02723181,True
1.465176,-0.04070258,-0.02796364,True
1.476289,-0.05138326,-0.03232205,True
1.487326,-0.04578853,-0.03584337,True
1.498661,-0.04672432,-0.03978336,True
1.509777,-0.04154146,-0.04050565,True
1.520766,-0.04174471,-0.0348047,True
1.532027,-0.04588735,-0.02952111,True
1.542877,-0.0425806,-0.04382348,True
1.5539,-0.04184496,-0.0303477,True
1.565208,-0.04164147,-0.03521919,True
1.576103,-0.04454505,-0.03698313,True
1.587389,-0.04289222,-0.04455018,True
1.59837,-0.04517043,-0.04175222,True
1.609519,-0.04558289,-0.038849,True
1.620559,-0.04361534,-0.04144037,True
1.631692,-0.04466462,-0.05658233,True
1.642829,-0.04663825,-0.05969727,True
1.65402,-0.04726517,-0.06592298,True
1.665177,-0.05120337,-0.06208718,True
1.676066,-0.0505805,-0.06125665,True
1.687481,-0.05150986,-0.05658853,True
1.698436,-0.0542177,-0.06717598,True
1.709366,-0.05815661,-0.06354773,True
1.720691,-0.04881382,-0.05700135,True
1.731937,-0.04870379,-0.05036211,True
1.742898,-0.04559159,-0.04838955,True
1.753917,-0.04414034,-0.04911399,True
1.76496,-0.04579902,-0.04890788,True
1.776057,-0.04268098,-0.03978038,True
1.78712,-0.03977668,-0.03615105,True
1.798378,-0.03645802,-0.03386879,True
1.809429,-0.02940369,-0.01956868,True
1.820535,-0.0300287,-0.02423036,True
1.831609,-0.02951145,-0.02609491,True
1.842968,-0.02816832,-0.03365767,True
1.853827,-0.02817082,-0.03842413,True
1.865026,-0.02878964,-0.03324318,True
1.876114,-0.02878976,-0.0324142,True
1.887092,-0.02764452,-0.02205372,True
1.898355,-0.0304389,-0.01770401,True
1.909402,-0.02640009,-0.0185318,True
1.920498,-0.02650297,-0.0170821,True
1.931623,-0.01915073,-0.01821911,True
1.942646,-0.01749396,-0.01863301,True
1.954334,-0.01500773,-0.01273096,True
1.965182,-0.01832092,-0.01428413,True
1.976403,-0.02029133,-0.02236164,True
1.987584,-0.02826643,-0.02288282,True
1.998814,-0.02764523,-0.02371085,True
2.009871,-0.02878094,-0.01573646,True
2.020706,-0.03354669,-0.0167737,True
2.031823,-0.02173853,-0.01635575,True
2.042923,-0.02484667,-0.01935971,True
2.054234,-0.02785182,-0.02236426,True
2.065204,-0.02132642,-0.02101576,True
2.076254,-0.03437054,-0.009420753,True
2.087151,-0.03437066,-0.009420991,True
2.098208,-0.03862453,-0.01946831,True
2.1094,-0.04203868,-0.01169991,True
2.120517,-0.05022109,-0.007455826,True
2.131654,-0.04307187,-0.007765651,True
2.142979,-0.02587938,0.01345742,True
2.153924,-0.04473603,0.01729393,True
2.16489,-0.05717599,0.01947308,True
2.17592,-0.06121719,0.01740193,True
2.187052,-0.061216,0.01574409,True
2.198415,-0.05831182,0.01439619,True
2.209256,-0.01987338,0.01273179,True
2.220238,0.003724813,0.001034498,True
2.231542,0.01221013,2.384186E-07,True
2.242527,0.01738644,0.00527823,True
2.253866,0.01707578,0.004139423,True
2.264801,0.01479852,0.004346251,True
2.276114,0.01469529,0.006209254,True
2.286995,0.01655877,0.005692124,True
2.298084,0.0130384,-0.0009316206,True
2.30936,0.01666117,-0.001448631,True
2.320304,0.02100909,-0.001035094,True
2.331565,0.01925075,-0.006106615,True
2.342802,0.01417911,-0.01107419,True
2.353557,0.01407588,-0.009625435,True
2.364796,0.006726384,-0.01065886,True
2.375707,0.003725171,-0.009623528,True
2.387041,0.00517416,-0.00952065,True
2.398024,-0.00600183,-0.01065886,True
2.409167,-0.009107113,-0.009313941,True
2.420242,-0.01086605,-0.01024568,True
2.431349,-0.01355779,-0.009728432,True
2.442461,-0.01842368,-0.01179934,True
2.454135,-0.01966631,-0.01190317,True
2.464891,-0.0188359,-0.006106496,True
2.476011,-0.01873112,-0.001345515,True
2.486969,-0.01987004,-0.001035333,True
2.497922,-0.01635027,-0.0005173683,True
2.514541,-0.02297616,-0.003312111,True
2.520286,-0.01593614,0.001552343,True
2.531306,-0.01469469,0.003622174,True
2.542419,-0.01738727,0.008693576,True
2.553497,-0.01738846,0.01324785,True
2.564842,-0.015113,0.02173805,True
2.575883,-0.01118052,0.03198874,True
2.586842,-0.01325119,0.03198957,True
2.597869,-0.005692601,0.02805066,True
2.608998,-0.008177757,0.02939856,True
2.620316,-0.008591533,0.02743065,True
2.631304,-0.009523034,0.0263958,True
2.642436,-0.01159322,0.02204728,True
2.65383,-0.01531947,0.01894236,True
2.664658,-0.01883531,0.004242897,True
2.676171,-0.08018887,-0.009635091,True
2.687647,-0.08018875,-0.009635091,True
2.698719,-0.1224577,-0.02573693,True
2.709346,-0.1261134,-0.02677953,True
2.720755,-0.10806,-0.02540791,True
2.731879,-0.08403945,-0.01740921,True
2.74293,-0.04369617,-0.01159704,True
2.753788,-0.01283157,-0.001966,True
2.764586,-0.01469421,-0.0004140139,True
2.77583,-0.01831639,0.0003101826,True
2.78683,-0.01810992,-0.001655936,True
2.797794,-0.0231843,-0.005175471,True
2.808997,-0.02101052,-0.006727457,True
2.820087,-0.02152693,-0.004346967,True
2.831165,-0.02370167,-0.004346967,True
2.842217,-0.04722321,-0.01656985,True
2.853699,-0.09279132,-0.0379467,True
2.864557,-0.1047635,-0.04480958,True
2.875747,-0.1053579,-0.02924311,True
2.886751,-0.09349561,-0.02456617,True
2.897943,-0.07418764,-0.02093041,True
2.908906,-0.0350914,-0.002691388,True
2.920104,-0.03208899,-0.004450798,True
2.931245,-0.0321933,-0.005693674,True
2.942235,-0.03125894,-0.001760006,True
2.95328,-0.03188002,-0.001242638,True
2.964557,-0.02525437,0.00362289,True
2.975516,-0.01811051,0.003311515,True
2.986735,-0.01252139,-0.003518224,True
2.997795,-0.008899212,-0.005794883,True
3.009228,-0.008589745,-0.01148748,True
3.020091,-0.03551042,-0.0102495,True
3.031476,-0.05707443,-0.02050972,True
3.042143,-0.07222521,-0.02746046,True
3.053304,-0.08954144,-0.01886225,True
3.064593,-0.08653367,-0.02031207,True
3.075493,-0.04317498,-0.007247806,True
3.086917,-0.0186286,-0.005071282,True
3.097725,0.000931263,0.001965761,True
3.10887,0.001448631,0.0003098249,True
3.119987,0.0002068281,-0.002689958,True
3.131035,-0.000931263,-0.006932378,True
3.142046,-0.001551867,-0.001758575,True
3.153233,0.004966617,-0.004242301,True
3.164443,0.001759171,-0.01221073,True
3.175427,0.005381465,-0.01252222,True
3.186503,-0.003517985,-0.01148689,True
3.197559,-0.00113833,-0.0138669,True
3.209074,-0.007968307,-0.01231575,True
3.220075,-0.0158354,-0.01128161,True
3.230942,0.009521008,-0.009210348,True
3.242192,0.0176959,0.0005176067,True
3.253176,0.01655698,0.00144875,True
3.264397,0.01800656,-0.001137972,True
3.275312,0.01748884,0.0006213188,True
3.286478,0.02898145,0.002069831,True
3.29762,0.03198683,0.007452965,True
3.308701,0.03167892,0.01252663,True
3.319896,-0.0516938,-0.03180373,True
3.330902,-0.07318163,-0.04509068,True
3.34196,-0.08220053,-0.03762782,True
3.353116,-0.07617188,-0.03129804,True
3.364336,-0.0725348,-0.02642322,True
3.375361,-0.01500785,-0.01438761,True
3.386442,0.0230788,-0.0008277893,True
3.397707,0.02991319,0.001345396,True
3.408649,0.03737211,0.004140973,True
3.419734,0.0138675,-0.007969141,True
3.43082,0.000207305,-0.004655838,True
3.441943,-0.02847123,-0.01842904,True
3.453122,-0.04785144,-0.02402961,True
3.464236,-0.04743719,-0.02413309,True
3.475291,-0.04650283,-0.0227859,True
3.486403,-0.01687348,-0.02039337,True
3.497579,1.192093E-07,-0.009726882,True
3.508679,0.01676655,0.007865429,True
3.519689,0.03188205,0.003519297,True
3.530801,0.02805042,0.003933191,True
3.541849,0.02939487,-1.192093E-07,True
3.553298,0.02991617,0.008281469,True
3.564486,0.03168011,0.0154258,True
3.57531,0.04131198,0.01056063,True
3.586307,0.03809774,0.00559032,True
3.597491,0.03177738,0.00175941,True
3.608629,0.03125894,-0.001345754,True
3.619673,0.04379225,0.0003101826,True
3.631359,0.04399943,0.000207305,True
3.641854,0.0450362,0.001138926,True
3.652997,0.05011761,0.007869601,True
3.664143,0.05084372,0.00849092,True
3.675325,0.1039886,0.02291262,True
3.686412,0.1252943,0.03664351,True
3.697324,0.1324928,0.03198063,True
3.708638,0.1509448,0.05010688,True
3.719977,0.1387957,0.04560709,True
3.730804,0.1154821,0.03693783,True
3.741848,0.08976007,0.02767432,True
3.752916,0.07003188,0.01719701,True
3.764232,0.06847489,0.01574588,True
3.775092,0.06484282,0.01305151,True
3.786303,0.06640077,0.01522708,True
3.797346,0.06142342,0.01636553,True
3.808518,0.07271767,0.006940126,True
3.819486,0.06483197,0.002692819,True
3.830898,0.06472886,0.003313899,True
3.841712,0.06514716,0.005800128,True
3.852979,0.06463516,0.01263666,True
3.864137,0.06142402,0.01719487,True
3.875177,0.06059551,0.01791966,True
3.886211,0.0523057,0.0224756,True
3.897323,0.05562592,0.02558577,True
3.908501,0.05365431,0.02351248,True
3.919623,0.05800772,0.02247798,True
3.930717,0.05718184,0.02662253,True
3.941792,0.05458939,0.02589607,True
3.952865,0.05676067,0.0191617,True
3.964032,0.04463482,0.02122998,True
3.975,0.04432499,0.02319813,True
3.986248,0.06350958,0.02859473,True
3.997333,0.05469704,0.0310775,True
4.008575,0.06206095,0.03201425,True
4.019543,0.06237209,0.03201461,True
4.030584,0.07712018,0.04633462,True
4.04187,0.09903371,0.04925728,True
4.052802,0.1322182,0.04995823,True
4.064136,0.1346054,0.04216826,True
4.075062,0.1308489,0.04538167,True
4.086272,0.1024401,0.03141642,True
4.097152,0.08062255,0.02404165,True
4.10832,0.0688982,0.02382922,True
4.119878,0.06339908,0.02113259,True
4.130687,0.05956089,0.02019858,True
4.141618,0.05499709,0.01708913,True
4.152785,0.05095816,0.02195716,True
4.163964,0.04888129,0.01801944,True
4.175143,0.04784811,0.02216327,True
4.186102,0.07864809,0.02258933,True
4.197551,0.1064972,0.02789462,True
4.208292,0.1290412,0.03052151,True
4.21949,0.1397382,0.04654479,True
4.230719,0.1391935,0.03687596,True
4.241593,0.1343693,0.03000987,True
4.252762,0.07325506,0.02362394,True
4.263844,0.05841804,0.0174011,True
4.274919,0.05188823,0.01853859,True
4.285976,0.04670584,0.01905489,True
4.29714,0.04556584,0.0188477,True
4.308241,0.04867613,0.02071297,True
4.319526,0.07948256,0.02611411,True
4.330612,0.1012045,0.04085529,True
4.341594,0.1330565,0.05110335,True
4.352648,0.1469679,0.05009782,True
4.363867,0.145085,0.05123699,True
4.374904,0.1302258,0.04735506,True
4.386047,0.08312976,0.03824794,True
4.39717,0.06175053,0.03284335,True
4.408167,0.06174994,0.03180695,True
4.419295,0.06247437,0.03035665,True
4.430398,0.05780602,0.02890277,True
4.441532,0.05676651,0.02568972,True
4.45266,0.06703067,0.02320659,True
4.46376,0.06371272,0.02403402,True
4.474817,0.06869531,0.0289079,True
4.486106,0.06413817,0.03533232,True
4.497007,0.06248069,0.0376128,True
4.508092,0.05989099,0.04051423,True
4.519363,0.05750418,0.03947592,True
4.530315,0.06019998,0.03823364,True
4.541482,0.06673419,0.03720117,True
4.552907,0.06858993,0.02693844,True
4.563681,0.07003713,0.02248263,True
4.574854,0.08445406,0.01803017,True
4.585896,0.123924,0.03061748,True
4.597061,0.1301031,0.0383147,True
4.60804,0.1334404,0.03551471,True
4.619252,0.1113877,0.02209127,True
4.63044,0.09254777,0.01658142,True
4.641516,0.07936776,0.01688874,True
4.652547,0.06276155,-0.006006956,True
4.663723,0.0575738,-0.001036048,True
4.674801,0.06389654,0.0001033545,True
4.685853,0.05405271,0.002796054,True
4.696908,0.05674672,0.002278209,True
4.708035,0.0569551,0.003520489,True
4.719573,0.05291069,0.00134635,True
4.730315,0.05374157,0.002485394,True
4.741355,0.0477314,0.004037857,True
4.75293,0.04742038,0.003520012,True
4.763598,0.04990625,0.002174497,True
4.77472,0.05094266,0.002485037,True
4.785783,0.04866576,0.00610888,True
4.797065,0.02618837,-0.007763505,True
4.807977,0.02422285,-0.01211143,True
4.819143,0.02888441,-0.01501155,True
4.83028,0.02898788,-0.01532233,True
4.841866,0.03551316,-0.01377046,True
4.852479,0.04006958,-0.01066446,True
4.863588,0.04648685,-0.002484679,True
4.874651,0.0518775,-0.005384684,True
4.885917,0.03551018,-0.009524584,True
4.896925,0.03188467,-0.00931704,True
4.907928,0.02981496,-0.01221538,True
4.919017,0.04037821,-0.007454753,True
4.930205,0.04971194,-0.01781368,True
4.941384,0.05820918,-0.01429403,True
4.952497,0.06141877,0.01128972,True
4.963633,0.05603278,0.01615715,True
4.974626,0.05458105,0.01594973,True
4.985743,0.05954933,0.006938815,True
4.996837,0.0580976,0.006628156,True
5.008029,0.05882347,0.006628156,True
5.01901,0.05861592,0.006420851,True
5.030125,0.0586164,0.006834745,True
5.04121,0.05800271,0.01636481,True
5.05245,0.04255629,0.01201093,True
5.063468,0.04152429,0.01832831,True
5.074634,0.04214549,0.01822495,True
5.085698,0.05252314,0.03501511,True
5.096782,0.0596751,0.03097725,True
5.108039,0.05863774,0.03097653,True
5.118984,0.04743671,0.02578938,True
5.130088,0.04546881,0.02786112,True
5.141223,0.04536498,0.02765417,True
5.15245,0.04194522,0.02879143,True
5.163492,0.04650712,0.03045225,True
5.174471,0.05054963,0.03035045,True
5.185592,0.06786466,0.02724886,True
5.197239,0.06443524,0.02020013,True
5.207804,0.06329143,0.01657367,True
5.218965,0.05809832,0.007146001,True
5.230107,0.06256032,0.01201487,True
5.241175,0.07220232,0.01035905,True
5.252468,0.0839237,0.008806825,True
5.263553,0.0964781,0.00704658,True
5.274442,0.09990203,0.005492687,True
5.285658,0.09782648,0.006632328,True
5.296662,0.1006401,0.01316273,True
5.3078,0.0937748,0.003522992,True
5.318974,0.09275174,0.01388681,True
5.32999,0.0907892,0.02083147,True
5.341102,0.09140992,0.0194844,True
5.352296,0.09388661,0.008808017,True
5.363378,0.08890247,0.007874727,True
5.374338,0.06909013,0.009115458,True
5.385544,0.06401682,0.01678085,True
5.396661,0.06484842,0.01854277,True
5.407672,0.06547844,0.02662635,True
5.419133,0.0747155,0.03139937,True
5.429936,0.07648098,0.03305888,True
5.44129,0.07678962,0.03046751,True
5.452239,0.0701468,0.02704334,True
5.463302,0.0703547,0.02766514,True
5.474388,0.06475031,0.02465665,True
5.485472,0.06070471,0.02310085,True
5.496652,0.06215703,0.02351606,True
5.507641,0.06060147,0.02330828,True
5.518981,0.02825928,0.007556677,True
5.529861,0.03208709,0.0004141331,True
5.54097,0.01759362,-0.003311634,True
5.552099,0.02090478,0.0002065897,True
5.563429,0.03509128,0.001345634,True
5.574458,0.04731846,0.005797982,True
5.585523,0.06597888,0.00828588,True
5.596538,0.06317747,0.006835461,True
5.607707,0.06099689,-0.003521323,True
5.618769,0.03727627,-0.01667118,True
5.629872,0.02815878,-0.01387203,True
5.640969,0.02608752,-0.01397622,True
5.65203,0.04939139,-0.006213307,True
5.663261,0.06109846,-0.001553535,True
5.674357,0.07696962,0.006112099,True
5.685337,0.08112884,0.01471293,True
5.696455,0.08071458,0.0154382,True
5.707706,0.08030105,0.01657844,True
5.718819,0.08061361,0.01751065,True
5.729915,0.080616,0.01968741,True
5.740914,0.07698607,0.02041173,True
5.752041,0.07179821,0.02041042,True
5.763146,0.07044995,0.02030587,True
5.774253,0.0713799,0.01709342,True
5.785347,0.07190061,0.01895893,True
5.796525,0.07449675,0.02061844,True
5.807482,0.07542646,0.01730216,True
5.818861,0.07677495,0.01740634,True
5.830147,0.07739902,0.01885772,True
5.841529,0.07832813,0.01481593,True
5.851906,0.07718253,0.01077449,True
5.863127,0.07593977,0.01243186,True
5.874167,0.07770073,0.01077414,True
5.885546,0.07500601,0.01243186,True
5.896474,0.07532442,0.01927209,True
5.907547,0.07719231,0.01958287,True
5.918665,0.08477247,0.02362823,True
5.929838,0.0839417,0.02321327,True
5.940933,0.09225321,0.0289197,True
5.9519,0.09215927,0.03628266,True
5.963033,0.0939312,0.04033017,True
5.974138,0.09382582,0.03929257,True
5.985264,0.09653986,0.04852951,True
5.996398,0.1039273,0.04843688,True
6.007387,0.1050782,0.05124247,True
6.018488,0.1021491,0.04511142,True
6.029797,0.09943783,0.04178691,True
6.040885,0.09757209,0.04396427,True
6.051892,0.09642708,0.04313302,True
6.063101,0.0951767,0.04012334,True
6.074084,0.0973531,0.03701234,True
6.085163,0.08697033,0.03731751,True
6.096331,0.08603048,0.03306496,True
6.107388,0.08686149,0.03316832,True
6.118598,0.08383429,0.02051842,True
6.129994,0.08165622,0.02082825,True
6.140824,0.08363605,0.02746415,True
6.15181,0.08145499,0.02590823,True
6.162915,0.07927275,0.02445555,True
6.173995,0.07999849,0.02372968,True
6.185191,-0.009315252,-0.02008045,True
6.196441,0.1898611,-0.1407503,True
6.207461,0.6067222,-0.2381153,False
6.218461,1.119802,-0.4720012,False
6.229636,1.657881,-0.4182082,False
6.240646,1.390635,-0.8515022,False
6.251786,1.299413,-1.157104,False
6.262942,1.351912,-1.611032,False
6.273945,1.429229,-1.464884,False
6.285159,1.633767,-1.819269,False
6.296278,1.696929,-1.670516,False
6.307267,1.831696,-1.726266,False
6.318434,1.738078,-1.724715,False
6.329545,1.743217,-1.74005,False
6.34587,1.774617,-1.837838,False
6.352052,1.65108,-1.72942,False
6.362908,1.648491,-1.746164,False
6.373934,1.700828,-1.821177,False
6.385064,1.708167,-1.778891,False
6.396112,1.731495,-1.783145,False
6.407268,1.729422,-1.781769,False
6.418332,1.722855,-1.785643,False
6.429454,1.730511,-1.790033,False
6.44061,1.738131,-1.787093,False
6.451722,1.749032,-1.785088,False
6.462833,1.745185,-1.789344,False
6.473831,1.757277,-1.795233,False
6.48501,1.754943,-1.804308,False
6.496115,1.744512,-1.814682,False
6.507877,1.755186,-1.814914,False
6.519102,1.763505,-1.806654,False
6.529724,1.759225,-1.80519,False
6.540521,1.75946,-1.805191,False
6.551864,1.727366,-1.804879,False
6.562921,1.72329,-1.806906,False
6.573895,1.716858,-1.813746,False
6.584939,1.725626,-1.809136,False
6.595957,1.723055,-1.807258,False
6.607217,1.724335,-1.810545,False
6.618301,1.720595,-1.807376,False
6.629301,1.722909,-1.806995,False
6.640546,1.713051,-1.814275,False
6.651964,1.704716,-1.788122,False
6.662997,1.699602,-1.780163,False
6.673787,1.687062,-1.789895,False
6.684931,1.688209,-1.788462,False
6.696088,1.683633,-1.765291,False
6.707016,1.670697,-1.755462,False
6.718276,1.666728,-1.775666,False
6.729349,1.663813,-1.75054,False
6.740474,1.659593,-1.749581,False
6.751554,1.653892,-1.748545,False
6.762769,1.641573,-1.749997,False
6.773755,1.641931,-1.759161,False
6.785177,1.643009,-1.775283,False
6.795902,1.642455,-1.764739,False
6.807036,1.636708,-1.767407,False
6.818478,1.635523,-1.765743,False
6.829275,1.632402,-1.766825,False
6.840401,1.633128,-1.787896,False
6.851542,1.631272,-1.771092,False
6.862781,1.631506,-1.770974,False
6.873721,1.631038,-1.771441,False
6.884818,1.638709,-1.784353,False
6.895936,1.638682,-1.78397,False
6.906952,1.637927,-1.783914,False
6.918211,1.645089,-1.801023,False
6.929293,1.641736,-1.812005,False
6.940395,1.646976,-1.813527,False
6.951838,1.649379,-1.805353,False
6.962729,1.651919,-1.804852,False
6.974074,1.652783,-1.807022,False
6.984743,1.654184,-1.812558,False
6.995886,1.655644,-1.812265,False
7.006997,1.647248,-1.811564,False
7.018156,1.656374,-1.812176,False
7.029231,1.656204,-1.811298,False
7.040252,1.65843,-1.809187,False
7.052283,1.668048,-1.811821,False
7.062683,1.668055,-1.816777,False
7.074019,1.668173,-1.816777,False
7.085076,1.667019,-1.813375,False
7.09581,1.663448,-1.815662,False
7.106932,1.661545,-1.816924,False
7.118104,1.660085,-1.82865,False
7.129265,1.665013,-1.824078,False
7.140317,1.665995,-1.826365,False
7.151422,1.667641,-1.836399,False
7.162641,1.669175,-1.839484,False
7.173603,1.666271,-1.836314,False
7.184736,1.667094,-1.828654,False
7.196097,1.667473,-1.828916,False
7.206923,1.668411,-1.827744,False
7.217911,1.677607,-1.829241,False
7.229146,1.678447,-1.831269,False
7.240253,1.680217,-1.827278,False
7.251339,1.674423,-1.816363,False
7.262468,1.666526,-1.806635,False
7.273982,1.66232,-1.801688,False
7.284869,1.658003,-1.801338,False
7.295673,1.65166,-1.793058,False
7.306846,1.646548,-1.800847,False
7.317988,1.645885,-1.804532,False
7.329116,1.636896,-1.801464,False
7.340268,1.636497,-1.810246,False
7.351918,1.633798,-1.803279,False
7.362426,1.63925,-1.797365,False
7.373394,1.635753,-1.808079,False
7.384735,1.664653,-1.819822,False
7.3957,1.661642,-1.821262,False
7.406779,1.661401,-1.816308,False
7.417953,1.648785,-1.824546,False
7.429102,1.644296,-1.81848,False
7.440263,1.63941,-1.821439,False
7.451257,1.631635,-1.830079,False
7.462532,1.632897,-1.82346,False
7.473501,1.644393,-1.811269,False
7.484699,1.644041,-1.795139,False
7.495713,1.647145,-1.798037,False
7.506872,1.636613,-1.805769,False
7.51803,1.629433,-1.792751,False
7.528896,1.614059,-1.798407,False
7.540041,1.614748,-1.790745,False
7.551136,1.622252,-1.791151,False
7.562399,1.622109,-1.790886,False
7.573514,1.631177,-1.793101,False
7.584588,1.629798,-1.795002,False
7.595869,1.635213,-1.795058,False
7.606778,1.623709,-1.795681,False
7.618017,1.624619,-1.789772,False
7.628969,1.631595,-1.796228,False
7.63996,1.632702,-1.796289,False
7.651133,1.640739,-1.802284,False
7.662345,1.640032,-1.798389,False
7.673326,1.636709,-1.793038,False
7.684552,1.642178,-1.794436,False
7.695594,1.642058,-1.789846,False
7.706673,1.642353,-1.78391,False
7.717816,1.643177,-1.787917,False
7.728931,1.633076,-1.791722,False
7.739961,1.636973,-1.798601,False
7.751225,1.64429,-1.797392,False
7.762269,1.644173,-1.797391,False
7.773473,1.643483,-1.796106,False
7.784524,1.636803,-1.797603,False
7.795534,1.633743,-1.797574,False
7.806602,1.629369,-1.793865,False
7.817844,1.614254,-1.795189,False
7.828765,1.62613,-1.799655,False
7.839995,1.621473,-1.799779,False
7.851038,1.606128,-1.801336,False
7.862171,1.596823,-1.801458,False
7.873309,1.593662,-1.804145,False
7.884384,1.596186,-1.800815,False
7.895476,1.600444,-1.807478,False
7.906762,1.598263,-1.80315,False
7.917737,1.621798,-1.803872,False
7.928792,1.618416,-1.804458,False
7.939918,1.622918,-1.81101,False
7.951005,1.617114,-1.812445,False
7.962081,1.623736,-1.805829,False
7.973259,1.616516,-1.805716,False
7.984372,1.617467,-1.793375,False
7.995417,1.619821,-1.793988,False
8.006586,1.61727,-1.806359,False
8.017748,1.605134,-1.815639,False
8.028748,1.609738,-1.814525,False
8.039846,1.62413,-1.81801,False
8.051039,1.600841,-1.817541,False
8.062147,1.602689,-1.815404,False
8.073202,1.602742,-1.81157,False
8.084318,1.610103,-1.812068,False
8.095297,1.612926,-1.812098,False
8.10643,1.60529,-1.813679,False
8.11767,1.611819,-1.812272,False
8.128614,1.611315,-1.800219,False
8.139811,1.613239,-1.799224,False
8.150988,1.618142,-1.801591,False
8.162035,1.612733,-1.796595,False
8.173061,1.609263,-1.788731,False
8.184666,1.596789,-1.772017,False
8.195316,1.587777,-1.777249,False
8.206844,1.593158,-1.784806,False
8.217798,1.594937,-1.783429,False
8.228666,1.591975,-1.787845,False
8.240223,1.59105,-1.791262,False
8.250902,1.583397,-1.79705,False
8.261997,1.583987,-1.791882,False
8.273233,1.576809,-1.792029,False
8.284319,1.580678,-1.791592,False
8.295238,1.574487,-1.792265,False
8.306385,1.580789,-1.783939,False
8.317684,1.581578,-1.787796,False
8.328556,1.576133,-1.793345,False
8.339855,1.57748,-1.795653,False
8.350929,1.582375,-1.793664,False
8.361893,1.58569,-1.7889,False
8.373154,1.584637,-1.78995,False
8.384232,1.582731,-1.788374,False
8.395296,1.583397,-1.784933,False
8.406248,1.593029,-1.781852,False
8.41745,1.583559,-1.778275,False
8.428566,1.584362,-1.779559,False
8.439814,1.58671,-1.780053,False
8.450865,1.591258,-1.773599,False
8.461851,1.590516,-1.775903,False
8.473049,1.60738,-1.782832,False
8.484097,1.604038,-1.79157,False
8.495153,1.605724,-1.800689,False
8.506306,1.6022,-1.805956,False
8.51762,1.605423,-1.806627,False
8.52862,1.605709,-1.807505,False
8.539677,1.605568,-1.802532,False
8.550755,1.595823,-1.798328,False
8.561794,1.604022,-1.798616,False
8.573048,1.597281,-1.793797,False
8.584179,1.601553,-1.798121,False
8.595039,1.589697,-1.793423,False
8.606276,1.601151,-1.797243,False
8.617374,1.607937,-1.791512,False
8.628531,1.59775,-1.792982,False
8.639526,1.585568,-1.793953,False
8.650784,1.580916,-1.786653,False
8.661713,1.573524,-1.784942,False
8.672926,1.575135,-1.782926,False
8.684395,1.569999,-1.782899,False
8.69507,1.5663,-1.777158,False
8.706259,1.57274,-1.769332,False
8.717367,1.57486,-1.765251,False
8.728512,1.571479,-1.763829,False
8.739792,1.576545,-1.764953,False
8.750587,1.583097,-1.761595,False
8.76203,1.578456,-1.761369,False
8.772932,1.580943,-1.774925,False
8.784065,1.583137,-1.772206,False
8.795031,1.580308,-1.774166,False
8.806248,1.585302,-1.774043,False
8.817293,1.591766,-1.771524,False
8.828444,1.598411,-1.772712,False
8.839918,1.602073,-1.772184,False
8.85071,1.603788,-1.767685,False
8.861643,1.587749,-1.764645,False
8.872824,1.587699,-1.763541,False
8.883923,1.591342,-1.76569,False
8.895004,1.593432,-1.765805,False
8.906078,1.595703,-1.764575,False
8.917341,1.585408,-1.758996,False
8.928263,1.590075,-1.759948,False
8.939749,1.591405,-1.752134,False
8.950483,1.589069,-1.754352,False
8.961704,1.589405,-1.755985,False
8.972734,1.588912,-1.756075,False
8.983816,1.582467,-1.768477,False
8.99507,1.579648,-1.773147,False
9.006039,1.582253,-1.774251,False
9.017349,1.578012,-1.774901,False
9.02825,1.582086,-1.773259,False
9.039385,1.57814,-1.765042,False
9.050558,1.579161,-1.768657,False
9.061729,1.580522,-1.768742,False
9.072929,1.581663,-1.767075,False
9.083836,1.581427,-1.747931,False
9.094948,1.581452,-1.748424,False
9.105957,1.581009,-1.749035,False
9.117174,1.582888,-1.750226,False
9.128231,1.5801,-1.75058,False
9.139563,1.579685,-1.752039,False
9.150652,1.577239,-1.749335,False
9.161509,1.581249,-1.756322,False
9.173025,1.590492,-1.75814,False
9.183714,1.605741,-1.752865,False
9.194849,1.594746,-1.760556,False
9.206217,1.592317,-1.763035,False
9.217089,1.572548,-1.767963,False
9.228239,1.573984,-1.769651,False
9.239304,1.580775,-1.761595,False
9.250952,1.50081,-1.78084,False
9.261454,1.466929,-1.776742,False
9.272686,1.374532,-1.747957,False
9.283733,1.592324,-2.012461,False
9.294863,1.666273,-2.258327,False
9.306009,1.719728,-2.437751,False
9.317324,1.728831,-2.420265,False
9.328098,1.744683,-2.424905,False
9.339458,1.758442,-2.398389,False
9.350416,1.76272,-2.400141,False
9.361742,1.759912,-2.410141,False
9.372675,1.752079,-2.415382,False
9.383701,1.695667,-2.636629,False
9.394756,1.845396,-3.058253,False
9.405895,1.568513,-3.211276,False
9.416908,1.358495,-4.115822,False
9.428085,1.127064,-4.02459,False
9.439245,0.9140908,-4.175498,False
9.450401,0.3065104,-4.482774,False
9.461987,0.06908727,-4.530802,False
9.472565,-0.07713604,-4.627366,False
9.483662,-0.04643309,-4.66193,False
9.494776,-0.08742273,-4.582229,False
9.505823,-0.1132884,-4.657486,False
9.516964,-0.4078088,-4.823537,False
9.528011,-0.5611628,-4.987721,False
9.539104,-0.6862537,-5.098951,False
9.550352,-1.012692,-5.058699,False
9.561419,-1.123685,-5.070019,False
9.572672,-1.266512,-4.950279,False
9.583687,-1.54143,-4.884254,False
9.594778,-1.583283,-4.904328,False
9.605751,-1.565604,-4.952538,False
9.617132,-1.534666,-4.913651,False
9.627945,-1.522364,-4.917003,False
9.639101,-1.536715,-4.893195,False
9.650326,-1.559223,-4.895485,False
9.661221,-1.568683,-4.876377,False
9.672464,-1.555386,-4.865094,False
9.68384,-1.575117,-4.843979,False
9.694658,-1.573633,-4.841677,False
9.705662,-1.564565,-4.826389,False
9.716854,-1.563514,-4.843979,False
9.727968,-1.560609,-4.827381,False
9.73901,-1.547923,-4.814739,False
9.750189,-1.54296,-4.81402,False
9.761328,-1.546851,-4.802333,False
9.772612,-1.546258,-4.807769,False
9.783609,-1.555705,-4.832884,False
9.794617,-1.555115,-4.829731,False
9.805683,-1.549218,-4.828107,False
9.816927,-1.546519,-4.820457,False
9.827868,-1.541746,-4.820053,False
9.838985,-1.536185,-4.818757,False
9.850372,-1.958626,-4.295921,False
9.861153,-2.03875,-3.685434,False
9.872379,-2.34229,-3.157477,False
9.883532,-2.702719,-2.201808,False
9.894585,-2.876297,-1.932909,False
9.905613,-3.182231,-1.946162,False
9.916843,-3.187376,-1.897014,False
9.928196,-3.258633,-1.721454,False
9.938898,-3.207777,-1.760477,False
9.950159,-3.152521,-1.696025,False
9.961254,-3.107278,-1.746717,False
9.972345,-3.099493,-1.65082,False
9.983562,-3.12268,-1.649494,False
9.994511,-3.112525,-1.652035,False
10.00563,-3.100352,-1.68981,False
10.01673,-3.064936,-1.19523,False
10.0278,-2.977912,-0.7663338,False
10.03893,-2.76503,-0.3497049,False
10.05006,-2.693971,0.1451222,False
10.061,-2.829038,0.1445874,False
10.07246,-2.68648,0.1127371,False
10.08372,-2.676716,0.1427593,False
10.09442,-2.766085,0.104937,False
10.10552,-2.67613,0.09137487,False
10.11687,-2.524996,0.4285247,False
10.12772,-2.418568,0.5755315,False
10.13881,-2.402423,0.5792823,False
10.14997,-2.40074,0.5902121,False
10.16102,-2.405122,0.5640053,False
10.17236,-2.403049,0.5733978,False
10.18919,-2.404849,0.5629406,False
10.19448,-2.400121,0.566722,False
10.20579,-2.396649,0.5567419,False
10.21665,-2.407783,0.5401321,False
10.22777,-2.391002,0.5179732,False
10.23898,-2.382806,0.5381682,False
10.25015,-2.383353,0.5333562,False
10.26094,-2.381794,0.5329723,False
10.27224,-2.382847,0.5286362,False
10.28335,-2.365973,0.5379242,False
10.29426,-2.365394,0.5294396,False
10.30546,-2.365901,0.5297997,False
10.31666,-2.375986,0.5347243,False
10.32761,-2.374428,0.5348077,False
10.33873,-2.372986,0.5336006,False
10.34993,-2.362392,0.5397251,False
10.36093,-2.360562,0.5385134,False
10.3721,-2.36243,0.5412583,False
10.38324,-2.356786,0.5428993,False
10.39446,-2.351071,0.5372416,False
10.40532,-2.357646,0.5364456,False
10.41652,-2.35781,0.5210425,False
10.42775,-2.340042,0.5226738,False
10.4387,-2.354926,0.5301549,False
10.44993,-2.324812,0.5335075,False
10.4609,-2.328113,0.5313485,False
10.47213,-2.31885,0.5201169,False
10.48315,-2.302924,0.514627,False
10.49431,-2.304325,0.50809,False
10.50539,-2.302001,0.5085045,False
10.51654,-2.292872,0.5015246,False
10.52761,-2.296545,0.5045324,False
10.53872,-2.299489,0.5043563,False
10.55,-2.300545,0.4935906,False
10.56091,-2.300281,0.4869038,False
10.57217,-2.32416,0.480911,False
10.58319,-2.341662,0.4861736,False
10.5942,-2.338906,0.4833045,False
10.60531,-2.331475,0.5030007,False
10.61664,-2.333434,0.4807358,False
10.62776,-2.34066,0.474887,False
10.63857,-2.332054,0.4573653,False
10.64989,-2.337604,0.4566517,False
10.66086,-2.337874,0.4585298,False
10.67195,-2.331558,0.4453973,False
10.6831,-2.322597,0.4475844,False
10.69409,-2.312171,0.4476299,False
10.70548,-2.307948,0.4477917,False
10.71635,-2.315621,0.4459368,False
10.72748,-2.319613,0.4468228,False
10.73858,-2.321433,0.4469759,False
10.74968,-2.314755,0.461153,False
10.76119,-2.316072,0.4623495,False
10.77273,-2.298414,0.4585134,False
10.78322,-2.290866,0.4595503,False
10.79411,-2.281985,0.4825705,False
10.80533,-2.01239,0.3515493,False
10.81634,-1.158438,0.09618127,False
10.82749,-0.6484346,0.07238138,False
10.83848,-0.3743265,0.05466032,True
10.84979,-0.1284877,0.01452959,True
10.86089,-0.07381451,-0.05328798,True
10.87188,-0.06724763,-0.02953112,True
10.88313,-0.08091223,-0.007459641,True
10.89405,-0.08662188,-0.009533286,True
10.90508,-0.08122563,-0.009220839,True
10.91645,-0.01552522,-0.01169562,True
10.92753,-0.02670693,-0.01014447,True
10.9385,-0.02070117,-0.01055825,True
10.94954,-0.03509939,-0.01459873,True
10.96072,-0.02857459,-0.01760066,True
10.97186,-0.03395975,-0.01501286,True
10.9829,-0.03861904,-0.01159644,True
10.99428,-0.03934872,-0.01801741,True
11.0055,-0.03675914,-0.01874244,True
11.01692,-0.05623066,-0.005695581,True
11.02734,-0.04711294,-0.007972598,True
11.03854,-0.04970479,-0.009319425,True
11.04959,-0.0410099,0.02412951,True
11.06064,-0.03479457,0.02754557,True
11.07192,-0.02267313,0.02422535,True
11.08282,-0.001655459,0.01262426,True
11.09393,-0.002173305,0.02080166,True
11.105,-0.003104687,0.02359784,True
11.1164,-0.0123198,0.03375018,True
11.12726,-0.01842988,0.03333926,True
11.13836,-0.01262987,0.03136778,True
11.14969,-0.01325095,0.03002238,True
11.16059,-0.01242208,0.02649975,True
11.17196,-0.01262856,0.02370465,True
11.18277,-0.03374636,-0.004555345,True
11.19391,-0.03094959,-0.003829956,True
11.20527,-0.02670991,-0.01708221,True
11.21615,-0.001551986,-0.008795381,True
11.22727,-0.005795002,-0.008692622,True
11.23829,-0.01076293,-0.01024604,True
11.24982,-0.007968664,-0.01096976,True
11.26053,-0.009934306,-0.007761478,True
11.27193,-0.004656792,-0.01055551,True
11.28288,-0.001241326,-0.007449627,True
11.29401,0.01179743,-0.006623626,True
11.305,0.01397085,-0.004657149,True
11.31608,0.01500916,-0.0160439,True
11.32749,0.01594126,-0.01832187,True
11.33826,0.01635575,-0.01977193,True
11.34995,-0.005692363,-0.01811206,True
11.36059,-0.007142663,-0.02805305,True
11.37207,-0.009006143,-0.02660406,True
11.38322,-0.00724709,-0.03602886,True
11.39427,-0.007454753,-0.03779125,True
11.40499,-0.006523013,-0.04006982,True
11.41608,-0.004970074,-0.04535365,True
11.42714,0.001449466,-0.04545498,True
11.43829,0.002071023,-0.045766,True
11.44947,-0.0006213188,-0.04503965,True
11.4607,0.003520131,-0.03758156,True
11.47161,0.01501155,-0.02836716,True
11.48308,0.01356423,-0.03727591,True
11.49375,0.02102304,-0.0395602,True
11.50491,0.01905465,-0.04007745,True
11.51595,0.018121,-0.03510261,True
11.52714,0.02423227,-0.03469217,True
11.53828,0.01988149,-0.03282475,True
11.54929,0.01739752,-0.03976536,True
11.56083,0.01781011,-0.03417051,True
11.57161,0.0172919,-0.03302979,True
11.58267,0.006004453,-0.03126311,True
11.59383,0.00600493,-0.03758311,True
11.60493,0.01397538,-0.02567422,True
11.61599,0.004969001,-0.03302348,True
11.62708,1.192093E-07,-0.03664649,True
11.63834,-0.00144875,-0.03095055,True
11.64981,-0.001242161,-0.03115761,True
11.66033,-0.0004138947,-0.04162002,True
11.67153,0.0004143715,-0.04120588,True
11.68296,0.0001035929,-0.04203486,True
11.69357,0.008283257,-0.04069245,True
11.70478,0.007972002,-0.03530419,True
11.71591,0.01232135,-0.03613603,True
11.72718,0.006419539,-0.04048431,True
11.73806,0.01460111,-0.04017866,True
11.74925,0.01584327,-0.03800333,True
11.76038,0.02185106,-0.037799,True
11.77146,0.02039897,-0.03303206,True
11.78257,0.02443767,-0.02982223,True
11.79385,0.02837372,-0.02972031,True
11.80485,0.02806234,-0.02723372,True
11.81594,0.02496052,-0.0410136,True
11.82697,0.02506411,-0.04111707,True
11.83807,0.03635812,-0.0386374,True
11.84935,0.0360533,-0.04838204,True
11.86025,0.03615546,-0.04620457,True
11.87144,0.03988874,-0.04807341,True
11.88276,0.03772509,-0.06684792,True
11.89357,0.03617191,-0.07047808,True
11.90465,0.03534353,-0.07296753,True
11.91588,0.03772902,-0.07286656,True
11.92682,0.03813696,-0.06280112,True
11.93802,0.03834438,-0.06373489,True
11.94934,0.03844643,-0.06072664,True
11.96026,0.03502309,-0.05813003,True
11.97184,0.03461647,-0.07058024,True
11.98256,0.03223109,-0.06964386,True
11.99386,0.03005302,-0.06891513,True
12.00509,0.02580202,-0.06756091,True
12.0161,0.02538145,-0.05500972,True
12.0269,0.02175105,-0.04712701,True
12.03797,0.01761019,-0.05676615,True
12.04924,0.01916313,-0.05365694,True
12.06019,0.0168829,-0.05127048,True
12.07138,0.01750457,-0.05064917,True
12.08242,0.01139116,-0.04421747,True
12.09349,0.00786984,-0.04473376,True
12.10489,0.009009838,-0.04836202,True
12.11568,0.0114975,-0.05634642,True
12.12677,0.007975101,-0.05665398,True
12.13802,0.006111622,-0.0647409,True
12.149,0.003728271,-0.05509555,True
12.16007,0.002589226,-0.05540574,True
12.1713,0.0005178452,-0.05447114,True
12.18256,0.0008285046,-0.06483853,True
12.19341,0.003003955,-0.06245589,True
12.20477,0.006318569,-0.06266654,True
12.21565,0.01605928,-0.06713688,True
12.22707,0.01326084,-0.06640768,True
12.23781,0.01170695,-0.06827307,True
12.24897,0.01077461,-0.06920564,True
12.26022,0.009528995,-0.05572248,True
12.27118,0.005281091,-0.0513643,True
12.28259,0.008595467,-0.05209267,True
12.29345,0.002899647,-0.05157006,True
12.30468,-0.0006211996,-0.05322766,True
12.31561,-0.009733915,-0.0441128,True
12.32671,-0.0062114,-0.03105628,True
12.33788,-0.01283705,-0.02660561,True
12.34903,-0.01180112,-0.02546585,True
12.36,-0.01169753,-0.0252589,True
12.37123,-0.01190543,-0.03023052,True
12.3826,-0.02133024,-0.03106451,True
12.39327,-0.02537096,-0.032516,True
12.40463,-0.05053711,0.01408374,True
12.41578,-0.5501976,0.2889798,False
12.4266,-0.8780174,0.4709057,False
12.43777,-1.047467,0.632488,False
12.44891,-1.550575,0.741559,False
12.45995,-1.160396,0.6412248,False
12.47113,-2.00842,0.6540906,False
12.48226,-1.952179,0.3576212,False
12.49337,-1.78998,0.2736984,False
12.50439,-2.068706,0.3148486,False
12.51553,-2.100043,0.3753948,False
12.52657,-2.134099,0.3915564,False
12.5377,-2.079438,0.3712858,False
12.54892,-2.077769,0.3677881,False
12.56012,-2.019723,0.3121008,False
12.57115,-2.037577,0.3825438,False
12.58224,-2.031878,0.3852407,False
12.59329,-2.155831,0.3451344,False
12.60443,-2.072139,0.3290164,False
12.61538,-2.123435,0.3946537,False
12.62656,-2.141688,0.4402832,False
12.63769,-2.131733,0.4100019,False
12.64889,-2.124357,0.3728259,False
12.65992,-2.105238,0.3700157,False
12.67143,-2.093854,0.3616273,False
12.68214,-2.074879,0.3292789,False
12.69323,-2.071479,0.3164999,False
12.70435,-2.078282,0.322135,False
12.71554,-2.084329,0.3236024,False
12.72669,-2.075903,0.3312616,False
12.73766,-2.048501,0.327111,False
12.74871,-2.033113,0.3313271,False
12.75988,-2.016723,0.3327549,False
12.77092,-2.015127,0.3328546,False
12.78219,-2.009771,0.3221573,False
12.79321,-2.009708,0.3156903,False
12.80435,-2.012699,0.3174528,False
12.81531,-2.012758,0.2892671,False
12.82653,-2.01197,0.2859092,False
12.83759,-2.016431,0.2059444,False
12.84872,-1.800548,-0.3936151,False
12.85979,-1.615254,-0.5779469,False
12.87094,-1.508973,-0.810004,False
12.88225,-1.492171,-0.6943822,False
12.89308,-1.453719,-0.8445746,False
12.90431,-1.481374,-0.7813798,False
12.91536,-1.504901,-0.7711552,False
12.92639,-1.496254,-0.7830805,False
12.93748,-1.469538,-0.7820593,False
12.94866,-1.46149,-0.7657714,False
12.95989,-1.460624,-0.7641416,False
12.97077,-1.470446,-0.7641028,False
12.982,-1.463905,-0.7622513,False
12.99314,-1.460966,-0.7642552,False
13.00431,-1.454474,-0.7591777,False
13.0153,-1.453131,-0.7513283,False
13.02646,-1.454133,-0.753994,False
13.03783,-1.455431,-0.7594279,False
13.04858,-1.455453,-0.7436662,False
13.05975,-1.454907,-0.7452719,False
13.07089,-1.453997,-0.7466373,False
13.08195,-1.451037,-0.7411704,False
13.0934,-1.446189,-0.7410772,False
13.10427,-1.440477,-0.7392446,False
13.11536,-1.460692,-0.7445813,False
13.1267,-1.464859,-0.7344227,False
13.13747,-1.47265,-0.7331934,False
13.14963,-1.481404,-0.7377403,False
13.15974,-1.483666,-0.7491813,False
13.17081,-1.481887,-0.7499474,False
13.18199,-1.464497,-0.7567363,False
13.19314,-1.472769,-0.7556365,False
13.20429,-1.466274,-0.751246,False
13.21521,-1.468463,-0.7651056,False
13.22637,-1.482695,-0.7769098,False
13.23731,-1.456979,-0.7771858,False
13.2486,-1.454542,-0.7739125,False
13.25974,-1.454906,-0.7797925,False
13.27078,-1.458461,-0.7744507,False
13.28194,-1.473367,-0.7782209,False
13.29298,-1.473276,-0.7796004,False
13.30407,-1.469947,-0.7790736,False
13.31511,-1.467646,-0.7884674,False
13.32685,-1.462677,-0.7885969,False
13.33745,-1.467577,-0.7790246,False
13.34866,-1.467189,-0.7778622,False
13.3599,-1.457481,-0.7834239,False
13.37074,-1.458347,-0.7797542,False
13.38188,-1.460739,-0.7749692,False
13.39288,-1.45436,-0.7706877,False
13.40405,-1.457732,-0.7730588,False
13.41504,-1.469605,-0.7745678,False
13.42625,-1.470379,-0.7714814,False
13.43726,-1.482009,-0.7722913,False
13.44841,-1.472705,-0.7749817,False
13.45969,-1.475625,-0.778842,False
13.47077,-1.475535,-0.7803324,False
13.4819,-1.489769,-0.7800564,False
13.49288,-1.481669,-0.7786196,False
13.5042,-1.472594,-0.786616,False
13.51506,-1.536742,-1.271941,False
13.52619,-1.510791,-1.417588,False
13.53725,-1.601177,-1.921129,False
13.54837,-1.77593,-2.404453,False
13.55952,-1.741813,-2.462181,False
13.57066,-1.676344,-2.396298,False
13.58186,-1.664181,-2.43102,False
13.59276,-1.695966,-2.409492,False
13.60402,-1.727608,-2.419108,False
13.61503,-1.75089,-2.433873,False
13.6263,-1.74547,-2.442891,False
13.63728,-1.735857,-2.449738,False
13.64837,-1.713987,-2.458183,False
13.65957,-1.7034,-2.468955,False
13.67048,-1.714115,-2.470454,False
13.68182,-1.711703,-2.48057,False
13.69294,-1.714831,-2.492671,False
13.70383,-1.715751,-2.501965,False
13.71498,-1.73044,-2.490127,False
13.72609,-1.731631,-2.509767,False
13.73719,-1.734393,-2.509572,False
13.74823,-1.723684,-2.506849,False
13.75936,-1.720483,-2.504347,False
13.77061,-1.726081,-2.508506,False
13.78173,-1.700595,-2.396721,False
13.79266,-1.864497,-2.17415,False
13.80389,-1.923069,-2.03459,False
13.81514,-1.885692,-2.080597,False
13.82601,-1.929969,-2.075759,False
13.83721,-1.88961,-2.096799,False
13.84827,-1.898934,-2.077944,False
13.85933,-1.927886,-2.045895,False
13.87046,-1.89095,-2.046171,False
13.88163,-1.879937,-2.051427,False
13.89288,-1.886399,-2.050063,False
13.90371,-1.88435,-2.053016,False
13.91488,-1.883471,-2.045668,False
13.92602,-1.885144,-2.034928,False
13.93713,-1.902682,-2.06257,False
13.94825,-1.865636,-2.004974,False
13.95934,-1.87044,-1.999567,False
13.97058,-1.873306,-2.006752,False
13.98194,-1.872722,-2.013438,False
13.99265,-1.857481,-2.017255,False
14.0038,-1.852125,-2.008268,False
14.01487,-1.854207,-2.011326,False
14.03161,-1.811267,-1.985809,False
14.03706,-1.811267,-1.985812,False
14.04827,-1.813837,-2.012488,False
14.05922,-1.815734,-2.006777,False
14.07032,-1.824032,-2.018876,False
14.08158,-1.823766,-2.022545,False
14.09257,-1.818992,-2.010907,False
14.10369,-1.819347,-2.01437,False
14.11487,-1.804949,-2.016496,False
14.12617,-1.802081,-2.010724,False
14.13696,-1.804005,-2.009571,False
14.14808,-1.803315,-2.026179,False
14.15921,-1.803462,-2.028719,False
14.17027,-1.804288,-2.033855,False
14.18204,-1.82083,-2.035576,False
14.19248,-1.805206,-2.036104,False
14.20393,-1.819585,-2.039571,False
14.21478,-1.820979,-2.043379,False
14.22591,-1.821306,-2.048612,False
14.23698,-1.819822,-2.046752,False
14.24805,-1.820356,-2.051241,False
14.25916,-1.822226,-2.050864,False
14.27027,-1.818368,-2.047785,False
14.28186,-1.81146,-2.035876,False
14.29285,-1.806065,-2.037693,False
14.30356,-1.795251,-2.037469,False
14.31472,-1.794663,-2.031974,False
14.32575,-1.788649,-2.035905,False
14.33692,-1.792473,-2.031068,False
14.34798,-1.789366,-2.029346,False
14.3592,-1.792769,-2.031726,False
14.3702,-1.787245,-2.019786,False
14.38145,-1.792072,-2.016927,False
14.39251,-1.791497,-1.997615,False
14.40353,-1.800253,-1.997665,False
14.41463,-1.797739,-1.997736,False
14.42576,-1.799858,-2.013364,False
14.43708,-1.795153,-2.012293,False
14.44796,-1.794434,-2.022545,False
14.45903,-1.793635,-2.021738,False
14.47027,-1.809658,-2.017684,False
14.48152,-1.802996,-2.013442,False
14.49243,-1.810962,-2.016381,False
14.50349,-1.798821,-2.014817,False
14.51467,-1.800539,-2.01429,False
14.52562,-1.801669,-2.006368,False
14.53683,-1.798149,-2.00197,False
14.54791,-1.794506,-2.007818,False
14.55917,-1.796779,-2.014299,False
14.57009,-1.797835,-2.026596,False
14.58151,-1.801836,-2.022531,False
14.59254,-1.799766,-2.019717,False
14.60343,-1.794734,-2.019506,False
14.61464,-1.785048,-2.000498,False
14.62573,-1.789572,-2.001028,False
14.63672,-1.784155,-2.006153,False
14.64796,-1.782974,-2.005311,False
14.65911,-1.78599,-2.005628,False
14.67006,-1.787142,-2.006197,False
14.6812,-1.801611,-2.003329,False
14.69236,-1.791849,-2.001313,False
14.70347,-1.77675,-2.015939,False
14.71468,-2.048129,-1.704842,False
14.72554,-2.05626,-1.447938,False
14.73676,-2.643278,-1.391283,False
14.74795,-3.083213,-1.376603,False
14.7589,-3.123398,-1.327115,False
14.76998,-3.116829,-1.382574,False
14.78126,-3.084145,-1.477948,False
14.79228,-3.074955,-1.500901,False
14.80331,-3.067272,-1.503022,False
14.8144,-3.060363,-1.506443,False
14.82582,-3.060919,-1.496181,False
14.83677,-3.054198,-1.494547,False
14.84793,-3.052958,-1.49344,False
14.85885,-3.046356,-1.496764,False
14.87009,-3.040258,-1.502668,False
14.88107,-3.01579,-1.498348,False
14.89226,-3.006521,-1.498431,False
14.90348,-3.011671,-1.482472,False
14.91442,-3.442476,-1.329863,False
14.92544,-3.813206,-1.491813,False
14.93666,-3.98375,-1.396059,False
14.94768,-4.088727,-1.400113,False
14.95885,-4.078996,-1.453286,False
14.9699,-4.071004,-1.484982,False
14.98116,-4.076832,-1.547263,False
14.99233,-4.039351,-1.533973,False
15.00326,-4.066246,-1.522095,False
15.01481,-4.056697,-1.52136,False
15.02558,-4.061512,-1.519382,False
15.03657,-4.056753,-1.519779,False
15.04775,-4.034187,-1.524843,False
15.05903,-4.039667,-1.524143,False
15.06993,-4.047274,-1.539911,False
15.08102,-4.038646,-1.543804,False
15.09216,-4.0216,-1.510664,False
15.10325,-4.117386,-1.492245,False
15.1143,-4.127522,-1.511097,False
15.12538,-4.114694,-1.489465,False
15.13659,-4.110971,-1.516704,False
15.14763,-4.109013,-1.500868,False
15.15879,-4.103567,-1.501993,False
15.16988,-4.103501,-1.495173,False
15.18102,-4.105082,-1.50013,False
15.19202,-4.109515,-1.497703,False
15.20354,-4.107385,-1.503952,False
15.21467,-4.110731,-1.499677,False
15.22545,-4.110488,-1.501804,False
15.23642,-4.106429,-1.501977,False
15.24764,-4.104418,-1.500468,False
15.25868,-4.100011,-1.499262,False
15.26972,-4.103676,-1.519536,False
15.28101,-4.108761,-1.495241,False
15.29198,-4.118783,-1.52424,False
15.30313,-4.118901,-1.516215,False
15.31429,-4.114079,-1.514171,False
15.32535,-4.112439,-1.509754,False
15.33663,-4.131444,-1.516515,False
15.34751,-4.136797,-1.511099,False
15.35863,-4.136407,-1.518044,False
15.36996,-4.137681,-1.52447,False
15.38093,-4.141929,-1.515719,False
15.39195,-4.148438,-1.511347,False
15.40308,-4.150217,-1.514864,False
15.41428,-4.110404,-1.56468,False
15.42538,-3.650753,-1.267603,False
15.43631,-3.051275,-1.111887,False
15.4476,-1.774024,-0.4176273,False
15.45852,-1.259264,-0.264757,False
15.46983,-0.7968116,-0.2857327,False
15.48095,-0.4397893,-0.05980432,True
15.49199,-0.06140149,0.09780598,True
15.50295,-0.1410618,0.1189916,True
15.51415,-0.1011462,0.004353046,True
15.52576,-0.1832505,-0.0106144,True
15.5363,-0.2316526,-0.03552663,True
15.54743,-0.2038101,-0.03784287,True
15.55875,-0.1163857,-0.01721931,True
15.56981,-0.1621652,0.01029098,True
15.58085,-0.1533581,-0.007688999,True
15.59194,-0.1343341,0.0125612,True
15.60303,-0.1452054,0.01049042,True
15.61405,-0.1699466,0.01903319,True
15.62555,-0.16408,0.02089965,True
15.63633,-0.1618731,0.01912904,True
15.64742,-0.1708125,0.02871144,True
15.65851,-0.1267335,0.02501404,True
15.66973,-0.1007507,0.01762092,True
15.68101,-0.1046946,0.009224892,True
15.69176,-0.09824085,0.006424785,True
15.70354,-0.09824085,0.006425023,True
15.71489,-0.07852256,0.003728747,True
15.72613,-0.07948172,0.02538848,True
15.73684,-0.08030486,0.01958382,True
15.74821,-0.08550501,0.02829468,True
15.75926,-0.08094168,0.03015852,True
15.77002,-0.07896423,0.02621794,True
15.78119,-0.07615066,0.01564479,True
15.79213,-0.08216405,0.01295114,True
15.80323,-0.08455658,0.0166831,True
15.81465,-0.0917213,0.01938033,True
15.82593,-0.09327829,0.01969182,True
15.83664,-0.0796783,0.0159564,True
15.84758,-0.07718813,0.01564479,True
15.85877,-0.0774982,0.01429784,True
15.86979,-0.08382487,0.01264083,True
15.88112,-0.07614625,0.01201725,True
15.89194,-0.08238506,0.02238381,True
15.90296,-0.09173012,0.02611983,True
15.91413,-0.0942415,0.03981209,True
15.92529,-0.07961249,0.04602575,True
15.93638,-0.07659698,0.04177082,True
15.94737,-0.0738951,0.03907192,True
15.95859,-0.07482648,0.03699863,True
15.96975,-0.083233,0.03669298,True
15.98079,-0.07181227,0.03150141,True
15.99206,-0.06827664,0.02434778,True
16.00293,-0.06661618,0.02299976,True
16.01402,-0.06131923,0.0156405,True
16.02527,-0.05842054,0.02019811,True
16.03642,-0.06816006,0.01191247,True
16.04747,-0.07107091,0.01844084,True
16.0585,-0.08684242,0.01906836,True
16.06977,-0.09026718,0.01855087,True
16.08092,-0.09337854,0.01730764,True
16.09204,-0.08121479,-0.001450419,True
16.10384,-0.06629407,-0.01180899,True
16.11496,-0.06681657,-0.01626444,True
16.12561,-0.04908705,-0.01439488,True
16.13663,-0.03146684,-0.00465858,True
16.14805,-0.03530729,-0.0158416,True
16.16069,-0.0405885,-0.01180375,True
16.17008,-0.04099977,-0.007869244,True
16.18109,-0.04037976,-0.01097584,True
16.19248,-0.03831232,-0.01770687,True
16.20305,-0.0288893,-0.02402246,True
16.21415,-0.1481844,0.0315901,True
16.22519,-0.1060534,0.07149768,True
16.23637,-0.1373204,0.03915977,True
16.24743,-0.1193064,0.07029593,True
16.25849,-0.1253381,0.05721772,True
16.26967,-0.1035979,0.03909504,True
16.28116,-0.09184647,0.03503823,True
16.29187,-0.09954894,0.04655993,True
16.30308,-0.07583249,0.009323478,True
16.31416,-0.08187008,0.02590823,True
16.32515,-0.07864869,0.0221746,True
16.33628,-0.07759523,0.008909345,True
16.34735,-0.07934761,0.0003105402,True
16.35869,-0.06266332,-0.01108313,True
16.37013,-0.04909492,-0.02278697,True
16.38106,-0.05491197,-0.03512335,True
16.39215,-0.05522478,-0.03688562,True
16.40329,-0.05896437,-0.0431093,True
16.41461,-0.08332455,-0.02549505,True
16.42553,-0.1155469,0.01483226,True
16.43644,-0.115546,0.01483238,True
16.44763,-0.1615146,-0.002806544,True
16.45889,-0.1680127,0.001871109,True
16.47022,-0.1656282,-0.01206064,True
16.48105,-0.1547413,-0.01527679,True
16.49241,-0.1074712,-0.04346573,True
16.50285,-0.09778321,-0.0416851,True
16.51384,-0.09871113,-0.03877974,True
16.5248,-0.09382415,-0.03473055,True
16.53605,-0.0923692,-0.0344187,True
16.54702,-0.09184432,-0.03099549,True
16.55811,-0.08739352,-0.03856528,True
16.56957,-0.08386326,-0.03866696,True
16.58045,-0.07536125,-0.04529941,True
16.59178,-0.07567513,-0.04758239,True
16.60246,-0.07484245,-0.04550648,True
16.6139,-0.0848242,-0.05578899,True
16.62477,-0.2898171,-0.276047,True
16.63584,-0.4159231,-0.5876092,False
16.64693,-0.6165366,-0.8057482,False
16.658,-0.643302,-0.9547216,False
16.66963,-0.6640763,-0.9178132,False
16.68031,-0.6612766,-0.9409686,False
16.69145,-0.6529264,-0.9337938,False
16.7026,-0.6543152,-0.9369994,False
16.71362,-0.6298265,-0.9456425,False
16.72467,-0.5964012,-0.9524863,False
16.73573,-0.5930541,-0.9675492,False
16.7469,-0.5919869,-0.9630756,False
16.75797,-0.6180937,-0.9801743,False
16.76925,-0.6196826,-1.112611,False
16.78026,-0.7551517,-1.183243,False
16.79174,-0.9658558,-1.556344,False
16.80242,-1.033641,-1.661692,False
16.81353,-1.015851,-1.638923,False
16.82481,-1.022431,-1.608285,False
16.83577,-1.021928,-1.59936,False
16.84681,-1.013729,-1.602498,False
16.85792,-1.003868,-1.613493,False
16.86915,-1.004799,-1.616909,False
16.88023,-1.005496,-1.624987,False
16.89135,-1.006258,-1.635011,False
16.90244,-1.003508,-1.629023,False
16.91394,-0.9987044,-1.628753,False
16.92472,-0.9949191,-1.626965,False
16.93571,-0.9952796,-1.627563,False
16.94675,-0.9904573,-1.630204,False
16.95785,-0.9904354,-1.633808,False
16.96906,-0.9865153,-1.635619,False
16.98017,-0.9886935,-1.625817,False
16.99133,-0.9961677,-1.625675,False
17.00276,-0.9952276,-1.629508,False
17.01355,-0.9944966,-1.624542,False
17.02469,-0.9975917,-1.626559,False
17.0358,-0.9987364,-1.629839,False
17.04683,-0.9926286,-1.624832,False
17.05785,-0.9882476,-1.638582,False
17.06895,-1.001809,-1.638738,False
17.08021,-1.006614,-1.639125,False
17.09124,-1.015063,-1.640097,False
17.10225,-1.014026,-1.644416,False
17.11395,-1.01895,-1.644345,False
17.12458,-1.019837,-1.642796,False
17.13563,-1.018572,-1.64383,False
17.14661,-1.020313,-1.642939,False
17.15782,-1.020085,-1.639423,False
17.16895,-1.018003,-1.636457,False
17.17993,-1.025634,-1.63729,False
17.1913,-1.027525,-1.626254,False
17.20248,-1.024899,-1.628234,False
17.21355,-1.026802,-1.629484,False
17.22449,-1.025276,-1.629204,False
17.23571,-1.025883,-1.629715,False
17.2468,-1.019989,-1.636166,False
17.25781,-1.023944,-1.635437,False
17.26888,-1.014104,-1.627187,False
17.27997,-1.025571,-1.631034,False
17.29115,-1.018334,-1.631655,False
17.30216,-1.028622,-1.635338,False
17.31334,-1.026453,-1.640945,False
17.3245,-1.032117,-1.642446,False
17.33556,-1.026388,-1.638888,False
17.34665,-1.028635,-1.647172,False
17.35775,-1.020987,-1.642336,False
17.36879,-1.035122,-1.640977,False
17.38001,-1.034794,-1.641807,False
17.3913,-1.035204,-1.643865,False
17.40227,-1.036271,-1.643803,False
17.41324,-1.035697,-1.644378,False
17.42448,-1.036091,-1.649811,False
17.43541,-1.039326,-1.64834,False
17.44657,-1.039967,-1.646077,False
17.45772,-1.032592,-1.650421,False
17.46874,-1.032592,-1.646216,False
17.47993,-1.032901,-1.660348,False
17.49101,-1.029274,-1.652635,False
17.50218,-1.030439,-1.652658,False
17.51324,-1.033413,-1.646473,False
17.52426,-1.025105,-1.646581,False
17.53545,-1.025187,-1.645498,False
17.54663,-1.013273,-1.642702,False
17.55791,-1.001214,-1.642455,False
17.56878,-1.011168,-1.646856,False
17.57993,-1.009369,-1.64103,False
17.59102,-1.012811,-1.62328,False
17.60205,-1.013169,-1.627161,False
17.61318,-1.016105,-1.627953,False
17.62427,-1.011804,-1.632419,False
17.63552,-1.012116,-1.631449,False
17.64651,-1.012381,-1.62868,False
17.65757,-1.018435,-1.627311,False
17.66883,-1.018058,-1.626341,False
17.67973,-1.018497,-1.63311,False
17.69107,-1.017412,-1.636318,False
17.70217,-1.018297,-1.638516,False
17.71313,-1.017982,-1.643461,False
17.7242,-1.016449,-1.627721,False
17.73532,-1.017449,-1.62946,False
17.7464,-1.017566,-1.62572,False
17.75757,-1.013383,-1.626676,False
17.76857,-1.013364,-1.629817,False
17.77971,-1.015282,-1.631781,False
17.79092,-1.011488,-1.637822,False
17.80194,-1.012244,-1.635676,False
17.8132,-1.008405,-1.636176,False
17.82422,-1.008466,-1.622552,False
17.83521,-1.004241,-1.617854,False
17.84643,-0.9744925,-1.623582,False
17.85777,-0.9653502,-1.618021,False
17.86873,-0.9945848,-1.619487,False
17.87984,-0.9940789,-1.618262,False
17.89097,-0.9832971,-1.608804,False
17.90187,-0.9869435,-1.601575,False
17.91298,-0.9874218,-1.610359,False
17.92412,-0.9541075,-1.603865,False
17.93529,-0.9828904,-1.606865,False
17.94637,-0.9570348,-1.604196,False
17.9574,-0.9650266,-1.585221,False
17.96855,-0.9678237,-1.585066,False
17.97997,-1.000127,-1.589097,False
17.9909,-1.002562,-1.608644,False
18.0018,-1.00358,-1.607245,False
18.0132,-1.001973,-1.608161,False
18.02443,-1.017836,-1.615008,False
18.03518,-1.0143,-1.606233,False
18.04626,-1.02676,-1.61238,False
18.05744,-1.036307,-1.618457,False
18.06852,-1.033599,-1.617895,False
18.07967,-1.032073,-1.617382,False
18.09081,-1.027659,-1.618569,False
18.10181,-1.024624,-1.618953,False
18.11288,-1.022261,-1.618622,False
18.12402,-1.013931,-1.617535,False
18.13514,-1.013854,-1.61103,False
18.14625,-1.008378,-1.611593,False
18.15736,-1.012836,-1.612202,False
18.16873,-1.015377,-1.614818,False
18.17985,-1.018228,-1.616347,False
18.19067,-0.904577,-1.472235,False
18.20209,-0.708946,-1.164513,False
18.21285,-0.4031289,-0.6763126,False
18.22399,-0.02953553,-0.2586991,True
18.23516,0.00343895,-0.2035148,True
18.24622,-0.0397402,-0.2703179,True
18.2573,-0.02091467,-0.174602,True
18.26837,-0.02176321,-0.1892062,True
18.27962,-0.03138053,-0.2040293,True
18.29078,-0.01583278,-0.1964549,True
18.30169,-0.02394569,-0.1850079,True
18.31284,-0.03781271,-0.1914597,True
18.32414,-0.04821181,-0.1809783,True
18.33511,-0.0458374,-0.1905402,True
18.34619,-0.04543185,-0.194752,True
18.35731,-0.03960991,-0.2001362,True
18.36838,-0.02930415,-0.2080538,True
18.37974,-0.01772332,-0.2067434,True
18.39071,-0.01335979,-0.2205374,True
18.40199,-0.01785743,-0.2265126,True
18.41278,-0.01775086,-0.2249132,True
18.42383,-0.012218,-0.227982,True
18.43505,-0.01586401,-0.2201207,True
18.44609,-0.02379763,-0.2190858,True
18.4573,-0.02513981,-0.2119669,True
18.46835,-0.02263343,-0.2111106,True
18.47966,-0.02054608,-0.2102543,True
18.49068,-0.01687241,-0.1949736,True
18.50167,-0.005102277,-0.1943094,True
18.51271,-0.001353145,-0.1908298,True
18.52388,0.0004166365,-0.1896715,True
18.53489,0.001770139,-0.1855779,True
18.54605,-0.004058957,-0.1858987,True
18.55735,-0.008017778,-0.1929518,True
18.56832,-0.009372711,-0.1949524,True
18.57932,-0.009588242,-0.2041694,True
18.59093,-0.01563239,-0.2022799,True
18.60174,-0.0173018,-0.2035594,True
18.61267,-0.01313531,-0.2067276,True
18.6239,-0.0179348,-0.2088637,True
18.63503,-0.02021515,-0.2000705,True
18.64605,-0.02346539,-0.2093095,True
18.65712,-0.0209614,-0.2094077,True
18.6683,-0.02064633,-0.2079186,True
18.67945,-0.0204339,-0.2060102,True
18.69053,-0.01876163,-0.2035649,True
18.7019,-0.00833559,-0.2014084,True
18.71269,-0.009484291,-0.2042751,True
18.72394,-0.008235455,-0.2072418,True
18.73493,-0.008548021,-0.2065011,True
18.74596,-0.006984234,-0.207238,True
18.75718,-0.008547187,-0.2060735,True
18.76828,-0.007606506,-0.2024654,True
18.77929,-0.004166245,-0.1978993,True
18.79073,-0.003540277,-0.1939896,True
18.80154,-0.003540754,-0.1948303,True
18.81253,-0.01979303,-0.1968907,True
18.824,-0.02323401,-0.19796,True
18.8348,-0.02448285,-0.1966938,True
18.84594,-0.02542055,-0.1968029,True
18.85701,-0.02354836,-0.198705,True
18.86815,-0.0187459,-0.1923524,True
18.87965,-0.01624477,-0.1915045,True
18.89046,-0.0200119,-0.2030385,True
18.90151,-0.02614164,-0.1917424,True
18.91263,-0.02458894,-0.1977527,True
18.92409,-0.02583003,-0.1927925,True
18.9348,-0.02303696,-0.2035784,True
18.946,-0.02471209,-0.2067661,True
18.95696,-0.02222216,-0.2141889,True
18.96801,-0.02044117,-0.2102537,True
18.97924,-0.01918757,-0.2090797,True
18.99046,-0.02260828,-0.1975341,True
19.00171,-0.02344263,-0.1977489,True
19.01249,-0.02333689,-0.1971134,True
19.02393,-0.0202055,-0.1940373,True
19.03471,-0.0113616,-0.2057648,True
19.04581,-0.0269196,-0.2145236,True
19.05692,-0.03328931,-0.1657169,True
19.06808,-0.1261803,-0.1945981,True
19.07923,-0.06665564,-0.2033066,True
19.09032,-0.03483927,-0.09446061,True
19.10159,0.002496123,-0.1659545,True
19.11267,0.01771295,-0.3195752,True
19.12379,0.04800725,-0.1375793,True
19.13492,0.1050657,-0.1357533,True
19.14581,0.1085279,-0.1182998,True
19.15719,0.09773099,-0.2569107,True
19.168,0.09405649,-0.2585777,True
19.1791,0.06525362,-0.2331975,True
19.19032,-0.01780295,-0.01252437,True
19.20134,0.07479203,-0.006526232,True
19.21266,-0.02007651,0.001034856,True
19.22395,0.2203473,-0.005320907,True
19.23479,-0.05069184,-0.06955957,True
19.24569,0.009730697,-0.02598298,True
19.25706,-0.0154258,-0.02753901,True
19.26795,-0.03160369,-0.06082368,True
19.27949,-0.04140091,-0.1105064,True
19.29034,0.07553792,-0.02207088,True
19.30129,-0.03826857,-0.1007013,True
19.31237,-0.03150582,-0.07119906,True
19.32387,-0.004454851,-0.07148075,True
19.33472,-0.009016156,-0.08912742,True
19.34568,-0.006316781,-0.04721975,True
19.35687,0.007352233,-0.04991496,True
19.36794,0.001553059,-0.0505327,True
19.37904,0.01657271,-0.05313623,True
19.39022,0.05270326,-0.1034354,True
19.40197,0.07997572,-0.07769334,True
19.41246,0.01461244,-0.08301103,True
19.42352,0.0260092,-0.0692209,True
19.43449,0.02434862,-0.06382513,True
19.44572,0.02103055,-0.06050217,True
19.45684,0.02083719,-0.09558165,True
19.46806,0.02571309,-0.09787476,True
19.4789,0.0388875,-0.09685516,True
19.49034,0.04459441,-0.0958246,True
19.5012,0.04438329,-0.09250057,True
19.51225,0.04262078,-0.09405625,True
19.52347,0.04783309,-0.1078066,True
19.53447,0.04805148,-0.1122937,True
19.54569,0.04614592,-0.08980286,True
19.55674,0.04137468,-0.09249651,True
19.56804,0.03639483,-0.09290516,True
19.57892,0.03349566,-0.1006925,True
19.59008,0.02084482,-0.105884,True
19.60147,0.03080952,-0.1085079,True
19.61221,0.03052032,-0.1234303,True
19.62345,0.02862573,-0.1052717,True
19.6346,0.03008389,-0.1091319,True
19.64556,0.03091776,-0.1116359,True
19.6567,0.02895212,-0.1160157,True
19.66775,0.02439237,-0.122479,True
19.67891,0.02408421,-0.1256101,True
19.69008,0.03114402,-0.1238493,True
19.70104,0.03624737,-0.1315926,True
19.71214,0.02969563,-0.127607,True
19.72351,0.02534366,-0.1363767,True
19.73452,0.0244199,-0.1463132,True
19.74547,0.03087378,-0.1514585,True
19.75669,0.0387727,-0.1479181,True
19.76772,0.0481354,-0.1479416,True
19.77902,0.06353855,-0.1481868,True
19.79008,0.07583523,-0.1511505,True
19.80102,0.09397519,-0.1538153,True
19.81213,0.1007826,-0.1570044,True
19.82332,0.1133664,-0.1604629,True
19.83442,0.1153162,-0.1536499,True
19.84546,0.1266694,-0.1420865,True
19.85656,0.05653715,-0.138225,True
19.86767,-0.2227802,-0.185388,True
19.87893,-0.439477,-0.2861183,False
19.89005,-0.6653185,-0.2474455,False
19.90092,-0.6097159,-0.3000046,False
19.91207,-0.5360806,-0.2500986,False
19.92331,-0.5672398,-0.286464,False
19.93438,-0.5568788,-0.2317368,False
19.94543,-0.4962242,-0.299206,False
19.95679,-0.5516465,-0.2858587,False
19.96761,-0.5508475,-0.3172395,False
19.97871,-0.5590472,-0.3219578,False
19.99001,-0.5408406,-0.3072682,False
20.00098,-0.5730786,-0.2517558,False
20.01197,-0.5654287,-0.2555661,False
20.02313,-0.5868919,-0.2544739,False
20.03451,-0.5223956,-0.2428117,False
20.04538,-0.5237651,-0.2544169,False
20.05658,-0.4678988,-0.2457003,False
20.06758,-0.3833144,-0.1620892,True
20.07864,-0.3747158,-0.2019932,True
20.0901,-0.2991109,-0.2491521,True
20.10083,-0.3292911,-0.2324718,True
20.11214,-0.3453939,-0.2245168,True
20.12318,-0.3398526,-0.2050433,True
20.13424,-0.3216617,-0.2253869,True
20.14537,-0.3244452,-0.2302077,True
20.15645,-0.3333437,-0.2209603,True
20.16753,-0.4115555,-0.2343791,True
20.17863,-0.1779695,-0.2461281,True
