612.6696
0,(2.8, 0.0, -0.7),True,0.5777893,0.5777893,True
1,(2.8, 0.0, 2.1),True,2.421173,0.4886475,True
2,(0.7, 0.0, -1.4),True,5.153198,0.5774231,True
3,(0.7, 0.0, -3.5),True,6.719208,0.5663757,True
4,(0.7, 0.0, -1.4),True,8.762756,0.4665833,True
5,(3.5, 0.0, 0.7),False,0,0,False
6,(1.4, 0.0, 3.5),False,0,0,False
7,(2.8, 0.0, 0.7),True,17.0488,0.3671265,True
8,(0.7, 0.0, 1.4),True,19.74695,0.1217346,False
9,(0.7, 0.0, 2.8),False,0,0,False
10,(-0.7, 0.0, 0.7),True,25.98837,0.3551941,True
11,(-0.7, 0.0, 3.5),False,0,0,False
12,(-0.7, 0.0, -3.5),True,31.5304,0.6760864,True
13,(-0.7, 0.0, 0.7),True,33.09592,0.4216309,True
14,(1.4, 0.0, -0.7),True,35.56174,0.4223022,True
15,(-1.4, 0.0, -2.1),True,37.67166,0.3551941,True
16,(0.7, 0.0, 2.8),True,39.93704,0.5330505,True
17,(-0.7, 0.0, -0.7),True,41.33636,0.399353,True
18,(-2.1, 0.0, -1.4),True,43.11353,0.3555908,True
19,(-1.4, 0.0, -0.7),True,44.81046,0.3310547,True
20,(3.5, 0.0, -0.7),False,0,0,False
21,(-2.1, 0.0, -2.8),False,0,0,False
22,(-2.1, 0.0, 2.8),False,0,0,False
23,(-1.4, 0.0, 3.5),False,0,0,False
24,(-1.4, 0.0, -2.1),True,56.84036,0.3886414,True
25,(-2.1, 0.0, 2.8),True,59.76132,0.755249,True
26,(2.1, 0.0, 2.8),True,61.5159,0.5553589,True
27,(2.1, 0.0, -1.4),True,64.10364,0.4221191,True
28,(-1.4, 0.0, -3.5),True,65.7695,0.4553833,True
29,(1.4, 0.0, 0.7),True,67.27979,0.3217773,True
30,(2.1, 0.0, -2.8),True,69.82315,0.4330444,True
31,(3.5, 0.0, -1.4),False,0,0,False
32,(-1.4, 0.0, -2.1),True,73.61026,0.4328613,True
33,(-2.1, 0.0, 1.4),True,75.85373,0.5108337,True
34,(3.5, 0.0, 0.7),False,0,0,False
35,(2.8, 0.0, -0.7),True,78.85211,0.4441833,True
36,(-2.8, 0.0, -2.1),True,82.02856,0.4666138,True
37,(0.7, 0.0, -2.8),True,84.58331,0.4334717,True
38,(2.8, 0.0, -0.7),True,86.39243,0.3657532,True
39,(-1.4, 0.0, 3.5),False,0,0,False
40,(0.7, 0.0, 0.7),True,92.46805,0.743988,True
41,(-3.5, 0.0, 1.4),False,0,0,False
42,(3.5, 0.0, 1.4),False,0,0,False
43,(-2.8, 0.0, 2.1),True,100.9531,0.6775208,True
44,(-3.5, 0.0, 0.7),True,102.7191,0.7776489,True
45,(1.4, 0.0, -0.7),True,103.8073,0.4439392,True
46,(-0.7, 0.0, 2.8),True,106.7281,0.54422,True
47,(2.1, 0.0, 2.8),True,109.3824,0.3997498,True
48,(3.5, 0.0, -1.4),False,0,0,False
49,(0.7, 0.0, -2.8),True,115.0022,0.4888611,True
50,(-1.4, 0.0, -0.7),True,116.6234,0.321991,True
51,(1.4, 0.0, -2.1),True,118.6225,0.355072,True
52,(-3.5, 0.0, -1.4),True,120.8773,0.644165,True
53,(2.8, 0.0, 0.7),True,122.2541,0.3218689,True
54,(-1.4, 0.0, 2.1),True,125.7417,0.4885864,True
55,(2.8, 0.0, -2.1),True,128.8732,0.3773804,True
56,(1.4, 0.0, -2.1),True,130.939,0.3996887,True
57,(-1.4, 0.0, 3.5),False,0,0,False
58,(0.7, 0.0, -3.5),True,136.3476,0.4775696,True
59,(-2.1, 0.0, 1.4),True,139.4242,0.4441528,True
60,(-0.7, 0.0, 1.4),True,141.5009,0.3888245,True
61,(0.7, 0.0, -0.7),True,143.2445,0.333252,True
62,(-3.5, 0.0, -0.7),True,144.8105,0.4221497,True
63,(3.5, 0.0, 1.4),False,0,0,False
64,(2.1, 0.0, 1.4),True,147.9867,0.433197,True
65,(-2.1, 0.0, 2.8),True,150.008,0.4997559,True
66,(2.8, 0.0, 0.7),True,151.6409,0.3891907,True
67,(0.7, 0.0, -1.4),True,153.8286,0.4555054,True
68,(3.5, 0.0, 1.4),False,0,0,False
69,(-0.7, 0.0, 2.8),True,159.548,0.5331726,True
70,(-1.4, 0.0, 0.7),True,162.0245,0.3554382,True
71,(2.8, 0.0, 2.1),True,163.6571,0.477356,True
72,(0.7, 0.0, 3.5),False,0,0,False
73,(-2.1, 0.0, 1.4),True,166.7778,0.4219055,True
74,(-1.4, 0.0, 0.7),True,168.5921,0.3815613,True
75,(0.7, 0.0, 1.4),True,171.6422,0.3553467,True
76,(-2.8, 0.0, -2.1),True,174.9742,0.3999634,True
77,(2.1, 0.0, 1.4),True,176.8288,0.4664307,True
78,(1.4, 0.0, 0.7),True,179.8274,0.4110107,True
79,(-0.7, 0.0, -1.4),True,182.2929,0.6996765,True
80,(1.4, 0.0, 3.5),False,0,0,False
81,(-2.1, 0.0, -1.4),True,187.6682,0.4554443,True
82,(1.4, 0.0, -2.1),True,189.5007,0.4773254,True
83,(-0.7, 0.0, -0.7),True,192.0549,0.3553772,True
84,(-0.7, 0.0, 1.4),True,194.5429,0.4332581,True
85,(2.1, 0.0, 1.4),True,197.7303,0.6666565,True
86,(-2.8, 0.0, -0.7),True,199.9847,0.3110657,True
87,(0.7, 0.0, -3.5),True,201.8172,0.5996094,True
88,(-3.5, 0.0, 1.4),False,0,0,False
89,(-0.7, 0.0, -2.8),True,205.8264,0.4443359,True
90,(0.7, 0.0, -0.7),True,208.6361,0.4775696,True
91,(3.5, 0.0, -0.7),False,0,0,False
92,(-2.1, 0.0, -2.8),True,213.9336,0.4440918,True
93,(-3.5, 0.0, -1.4),True,216.2555,0.5887146,True
94,(2.8, 0.0, -2.1),False,0,0,False
95,(1.4, 0.0, -3.5),True,221.5412,0.5011902,True
96,(0.7, 0.0, 3.5),False,0,0,False
97,(1.4, 0.0, -0.7),True,225.2841,0.3889771,False
98,(-2.8, 0.0, -0.7),True,228.0496,0.6334229,True
99,(1.4, 0.0, 0.7),True,230.9369,0.3554993,True
100,(-3.5, 0.0, 0.7),True,233.9023,0.4775085,True
101,(-0.7, 0.0, 2.8),True,237.1117,0.4442139,True
102,(2.1, 0.0, -2.8),True,239.0555,0.4332275,True
103,(3.5, 0.0, -0.7),False,0,0,False
104,(-3.5, 0.0, -1.4),True,244.5083,0.7552795,True
105,(3.5, 0.0, -1.4),False,0,0,False
106,(-0.7, 0.0, -3.5),True,248.7286,0.6218872,True
107,(2.1, 0.0, -1.4),True,250.9831,0.3552551,True
108,(-2.8, 0.0, 0.7),True,252.3936,0.4442139,True
109,(-0.7, 0.0, 3.5),False,0,0,False
110,(-1.4, 0.0, -3.5),True,256.4251,0.3998413,True
111,(0.7, 0.0, 2.8),True,259.5014,0.4887695,False
112,(-0.7, 0.0, -0.7),True,261.1672,0.3887939,True
113,(-2.8, 0.0, -0.7),True,262.8998,0.4775391,True
114,(2.8, 0.0, 2.1),False,0,0,False
115,(1.4, 0.0, 2.1),True,265.5764,0.4219971,True
116,(-0.7, 0.0, 1.4),True,268.1306,0.4445801,False
117,(-2.8, 0.0, 2.1),False,0,0,False
118,(2.1, 0.0, -2.8),True,272.862,0.5444946,True
119,(-0.7, 0.0, -2.8),True,275.9936,0.4776611,True
120,(-1.4, 0.0, -0.7),True,278.5484,0.3115234,True
121,(2.1, 0.0, -1.4),True,281.6133,0.5442505,True
122,(-0.7, 0.0, 0.7),True,284.323,0.3108521,True
123,(0.7, 0.0, 3.5),True,286.7442,0.01080322,True
124,(0.7, 0.0, -2.8),True,289.7317,0.3109131,True
125,(-0.7, 0.0, -2.8),True,291.4086,0.4330444,True
126,(-0.7, 0.0, -3.5),True,292.7969,0.4329834,True
127,(-0.7, 0.0, -1.4),True,295.6956,0.2887573,True
128,(0.7, 0.0, 0.7),True,297.728,0.3220825,True
129,(-1.4, 0.0, 0.7),True,299.7159,0.3665161,False
130,(-3.5, 0.0, 0.7),True,301.5707,0.7220459,True
131,(1.4, 0.0, -3.5),True,302.8477,0.6551514,True
132,(3.5, 0.0, 0.7),False,0,0,False
133,(0.7, 0.0, 0.7),True,306.324,0.3443604,True
134,(-3.5, 0.0, 1.4),False,0,0,False
135,(1.4, 0.0, 3.5),False,0,0,False
136,(0.7, 0.0, 1.4),True,311.9102,0.3884888,True
137,(-2.8, 0.0, 0.7),True,315.0088,0.3997803,True
138,(-1.4, 0.0, 2.1),True,317.13,0.6330566,True
139,(-1.4, 0.0, -3.5),True,319.5956,0.5110474,True
140,(2.1, 0.0, 2.8),True,321.9615,0.7000732,True
141,(-2.8, 0.0, 2.1),False,0,0,False
142,(-0.7, 0.0, 3.5),False,0,0,False
143,(1.4, 0.0, 2.1),True,327.2809,0.4886475,True
144,(-2.8, 0.0, 0.7),True,329.0578,0.4328003,True
145,(-2.1, 0.0, -1.4),True,331.8233,0.4547119,True
146,(1.4, 0.0, 2.1),True,333.8779,0.5443115,True
147,(-3.5, 0.0, -0.7),True,336.0547,0.4111328,True
148,(-1.4, 0.0, 2.1),True,337.7428,0.5884399,True
149,(-2.8, 0.0, -2.1),True,339.631,0.3668823,True
150,(-0.7, 0.0, -1.4),True,342.0183,0.3997192,True
151,(1.4, 0.0, -3.5),True,344.5949,0.588562,True
152,(2.8, 0.0, -2.1),False,0,0,False
153,(0.7, 0.0, -0.7),True,347.7601,0.3442993,True
154,(-3.5, 0.0, -0.7),True,350.5811,0.6552124,True
155,(-2.1, 0.0, -2.8),True,352.247,0.5331421,True
