381.0774
0,(2.8, 0.0, -0.7),True,0.5856285,0.5856285,True
1,(2.8, 0.0, 2.1),True,2.154734,0.4332905,True
2,(0.7, 0.0, -1.4),True,5.464163,0.4328594,True
3,(0.7, 0.0, -3.5),False,0,0,False
4,(0.7, 0.0, -1.4),True,9.595558,0.3441696,True
5,(3.5, 0.0, 0.7),False,0,0,False
6,(1.4, 0.0, 3.5),False,0,0,False
7,(2.8, 0.0, 0.7),True,15.72602,0.4108734,True
8,(0.7, 0.0, 1.4),True,18.85839,0.3999023,True
9,(0.7, 0.0, 2.8),True,20.6909,0.5668106,True
10,(-0.7, 0.0, 0.7),True,21.95659,0.3889084,True
11,(-0.7, 0.0, 3.5),True,25.37722,0.6886444,True
12,(-0.7, 0.0, -3.5),True,28.32074,0.455616,True
13,(-0.7, 0.0, 0.7),True,31.02035,0.3560905,True
14,(1.4, 0.0, -0.7),True,34.26301,0.5330925,True
15,(-1.4, 0.0, -2.1),True,36.88349,0.3441505,True
16,(0.7, 0.0, 2.8),True,39.96021,0.488945,True
17,(-0.7, 0.0, -0.7),True,42.38132,0.3112564,True
18,(-2.1, 0.0, -1.4),True,44.64674,0.4333496,True
19,(-1.4, 0.0, -0.7),True,47.64523,0.5111771,True
20,(3.5, 0.0, -0.7),False,0,0,False
21,(-2.1, 0.0, -2.8),True,52.34259,0.4111176,True
22,(-2.1, 0.0, 2.8),True,55.31882,0.5328827,True
23,(-1.4, 0.0, 3.5),True,58.37178,0.3984222,True
24,(-1.4, 0.0, -2.1),True,59.95174,0.4459457,True
25,(-2.1, 0.0, 2.8),True,62.52668,0.4107361,True
26,(2.1, 0.0, 2.8),True,64.57011,0.4550705,True
27,(2.1, 0.0, -1.4),True,66.36951,0.3555527,True
28,(-1.4, 0.0, -3.5),True,68.89024,0.3433075,True
29,(1.4, 0.0, 0.7),True,71.32268,0.4222031,True
30,(2.1, 0.0, -2.8),False,0,0,False
31,(3.5, 0.0, -1.4),False,0,0,False
32,(-1.4, 0.0, -2.1),True,76.72008,0.5213699,True
33,(-2.1, 0.0, 1.4),True,79.44096,0.3552628,True
34,(3.5, 0.0, 0.7),False,0,0,False
35,(2.8, 0.0, -0.7),True,84.82739,0.4770126,True
36,(-2.8, 0.0, -2.1),True,87.93709,0.3880386,True
37,(0.7, 0.0, -2.8),True,90.18063,0.4665375,True
38,(2.8, 0.0, -0.7),True,93.15715,0.399704,True
39,(-1.4, 0.0, 3.5),True,94.72385,0.4666977,True
40,(0.7, 0.0, 0.7),True,96.68871,0.4221497,True
41,(-3.5, 0.0, 1.4),True,98.72095,0.3885803,True
42,(3.5, 0.0, 1.4),False,0,0,False
43,(-2.8, 0.0, 2.1),True,103.1634,0.4329453,True
44,(-3.5, 0.0, 0.7),True,106.0853,0.3556213,True
45,(1.4, 0.0, -0.7),True,109.1503,0.3120117,True
46,(-0.7, 0.0, 2.8),True,111.204,0.3887634,True
47,(2.1, 0.0, 2.8),True,113.6472,0.4002075,True
48,(3.5, 0.0, -1.4),False,0,0,False
49,(0.7, 0.0, -2.8),True,118.5254,0.4111023,True
50,(-1.4, 0.0, -0.7),True,120.6817,0.5213776,True
51,(1.4, 0.0, -2.1),True,122.6773,0.4109802,True
52,(-3.5, 0.0, -1.4),True,125.9693,0.421936,True
53,(2.8, 0.0, 0.7),True,128.8015,0.4220123,True
54,(-1.4, 0.0, 2.1),True,130.191,0.489975,True
55,(2.8, 0.0, -2.1),False,0,0,False
56,(1.4, 0.0, -2.1),True,134.9218,0.4997101,True
57,(-1.4, 0.0, 3.5),True,137.3756,0.7700043,True
58,(0.7, 0.0, -3.5),False,0,0,False
59,(-2.1, 0.0, 1.4),True,141.9509,0.5220032,True
60,(-0.7, 0.0, 1.4),True,144.2834,0.5555573,True
61,(0.7, 0.0, -0.7),True,145.9495,0.5556641,True
62,(-3.5, 0.0, -0.7),True,148.6699,0.5440063,True
63,(3.5, 0.0, 1.4),False,0,0,False
64,(2.1, 0.0, 1.4),True,153.5676,0.4329987,True
65,(-2.1, 0.0, 2.8),True,155.4002,0.5552673,True
66,(2.8, 0.0, 0.7),True,158.5653,0.4553375,True
67,(0.7, 0.0, -1.4),True,160.4756,0.3885956,True
68,(3.5, 0.0, 1.4),False,0,0,False
69,(-0.7, 0.0, 2.8),True,165.662,0.4887238,True
70,(-1.4, 0.0, 0.7),True,168.072,0.3887482,True
71,(2.8, 0.0, 2.1),True,170.0379,0.4776917,True
72,(0.7, 0.0, 3.5),True,172.5033,0.4997864,True
73,(-2.1, 0.0, 1.4),True,174.9577,0.3936157,True
74,(-1.4, 0.0, 0.7),True,178.0119,0.3664093,True
75,(0.7, 0.0, 1.4),True,179.811,0.5441589,True
76,(-2.8, 0.0, -2.1),True,182.3433,0.3775635,True
77,(2.1, 0.0, 1.4),True,184.1537,0.3668823,True
78,(1.4, 0.0, 0.7),True,186.4524,0.3444061,True
79,(-0.7, 0.0, -1.4),True,189.04,0.3664093,True
80,(1.4, 0.0, 3.5),True,191.4946,0.4997711,True
81,(-2.1, 0.0, -1.4),True,193.2381,0.3552856,True
82,(1.4, 0.0, -2.1),True,195.7375,0.3559265,True
83,(-0.7, 0.0, -0.7),True,198.3692,0.3662415,True
84,(-0.7, 0.0, 1.4),True,200.1128,0.4553833,True
85,(2.1, 0.0, 1.4),True,202.218,0.4714508,True
86,(-2.8, 0.0, -0.7),True,203.7283,0.5330963,True
87,(0.7, 0.0, -3.5),False,0,0,False
88,(-3.5, 0.0, 1.4),True,209.4591,0.3996887,True
89,(-0.7, 0.0, -2.8),True,211.0473,0.3777466,True
90,(0.7, 0.0, -0.7),True,214.0236,0.35466,True
91,(3.5, 0.0, -0.7),False,0,0,False
92,(-2.1, 0.0, -2.8),True,217.3778,0.3889313,True
93,(-3.5, 0.0, -1.4),True,219.2879,0.3667145,True
94,(2.8, 0.0, -2.1),False,0,0,False
95,(1.4, 0.0, -3.5),False,0,0,False
96,(0.7, 0.0, 3.5),True,227.3954,0.7553864,True
97,(1.4, 0.0, -0.7),True,229.1386,0.4997253,True
98,(-2.8, 0.0, -0.7),True,232.3152,0.4888306,True
99,(1.4, 0.0, 0.7),True,234.8916,0.4997864,True
100,(-3.5, 0.0, 0.7),True,236.8574,0.3710632,True
101,(-0.7, 0.0, 2.8),False,0,0,False
102,(2.1, 0.0, -2.8),False,0,0,False
103,(3.5, 0.0, -0.7),False,0,0,False
104,(-3.5, 0.0, -1.4),True,245.5421,0.4442749,True
105,(3.5, 0.0, -1.4),False,0,0,False
106,(-0.7, 0.0, -3.5),True,249.5292,0.5331116,True
107,(2.1, 0.0, -1.4),True,250.8841,0.4773865,True
108,(-2.8, 0.0, 0.7),True,253.6496,0.3665466,True
109,(-0.7, 0.0, 3.5),True,255.4598,0.5997925,True
110,(-1.4, 0.0, -3.5),True,258.2029,0.3772583,True
111,(0.7, 0.0, 2.8),True,259.8358,0.4111328,True
112,(-0.7, 0.0, -0.7),True,262.5454,0.3554077,True
113,(-2.8, 0.0, -0.7),True,264.1669,0.3442993,True
114,(2.8, 0.0, 2.1),True,266.7768,0.5109253,True
115,(1.4, 0.0, 2.1),True,269.1534,0.4217224,True
116,(-0.7, 0.0, 1.4),True,270.6638,0.5218506,True
117,(-2.8, 0.0, 2.1),True,273.6182,0.4889526,True
118,(2.1, 0.0, -2.8),False,0,0,False
119,(-0.7, 0.0, -2.8),True,277.4828,0.3775024,True
120,(-1.4, 0.0, -0.7),True,278.9044,0.433136,True
121,(2.1, 0.0, -1.4),True,281.2588,0.3996887,True
122,(-0.7, 0.0, 0.7),True,283.0582,0.4110413,True
123,(0.7, 0.0, 3.5),True,284.8349,0.6106262,True
124,(0.7, 0.0, -2.8),True,286.923,0.5109558,True
125,(-0.7, 0.0, -2.8),True,289.5106,0.377533,True
126,(-0.7, 0.0, -3.5),True,291.6652,0.3888245,True
127,(-0.7, 0.0, -1.4),True,294.1973,0.2998657,True
128,(0.7, 0.0, 0.7),True,296.6184,0.3665466,True
129,(-1.4, 0.0, 0.7),True,298.1956,0.421936,True
130,(-3.5, 0.0, 0.7),True,300.2612,0.3553467,True
131,(1.4, 0.0, -3.5),False,0,0,False
132,(3.5, 0.0, 0.7),False,0,0,False
133,(0.7, 0.0, 0.7),True,305.8698,0.3440552,True
134,(-3.5, 0.0, 1.4),True,307.7249,0.5003967,True
135,(1.4, 0.0, 3.5),False,0,0,False
136,(0.7, 0.0, 1.4),True,311.0117,0.4109497,True
137,(-2.8, 0.0, 0.7),True,312.3112,0.3887024,True
138,(-1.4, 0.0, 2.1),True,314.2325,0.5220337,True
139,(-1.4, 0.0, -3.5),True,317.109,0.4331665,True
140,(2.1, 0.0, 2.8),True,319.9853,0.4331055,True
141,(-2.8, 0.0, 2.1),True,322.3508,0.7660828,True
142,(-0.7, 0.0, 3.5),True,323.7284,0.5667419,True
143,(1.4, 0.0, 2.1),True,326.4491,0.4109497,True
144,(-2.8, 0.0, 0.7),True,328.1815,0.3221741,True
145,(-2.1, 0.0, -1.4),True,330.8582,0.3768005,True
146,(1.4, 0.0, 2.1),True,332.935,0.5119934,True
147,(-3.5, 0.0, -0.7),True,334.7455,0.4000549,True
148,(-1.4, 0.0, 2.1),True,337.545,0.3560791,True
149,(-2.8, 0.0, -2.1),True,339.8861,0.3918762,True
150,(-0.7, 0.0, -1.4),True,342.2198,0.344574,True
151,(1.4, 0.0, -3.5),False,0,0,False
152,(2.8, 0.0, -2.1),False,0,0,False
153,(0.7, 0.0, -0.7),True,349.6159,0.3883057,True
154,(-3.5, 0.0, -0.7),True,352.1925,0.5884705,True
155,(-2.1, 0.0, -2.8),True,355.1689,0.4775696,True
