446.8434
0,(2.8, 0.0, -0.7),False,0,0,False
1,(2.8, 0.0, 2.1),False,0,0,False
2,(0.7, 0.0, -1.4),False,0,0,False
3,(0.7, 0.0, -3.5),True,7.485634,0.4334564,True
4,(0.7, 0.0, -1.4),True,10.15081,0.6326599,True
5,(3.5, 0.0, 0.7),True,12.5502,0.2884827,True
6,(1.4, 0.0, 3.5),True,15.2934,0.1658936,False
7,(2.8, 0.0, 0.7),True,18.6913,0.5219803,True
8,(0.7, 0.0, 1.4),True,21.93447,0.6109085,True
9,(0.7, 0.0, 2.8),True,24.81114,0.7662888,True
10,(-0.7, 0.0, 0.7),False,0,0,False
11,(-0.7, 0.0, 3.5),True,30.89653,0.6653442,True
12,(-0.7, 0.0, -3.5),False,0,0,False
13,(-0.7, 0.0, 0.7),False,0,0,False
14,(1.4, 0.0, -0.7),False,0,0,False
15,(-1.4, 0.0, -2.1),False,0,0,False
16,(0.7, 0.0, 2.8),False,0,0,False
17,(-0.7, 0.0, -0.7),True,45.49992,0.619812,True
18,(-2.1, 0.0, -1.4),True,47.79983,0.5774841,True
19,(-1.4, 0.0, -0.7),False,0,0,False
20,(3.5, 0.0, -0.7),True,52.51987,0.5887451,True
21,(-2.1, 0.0, -2.8),True,54.7299,0.7214355,True
22,(-2.1, 0.0, 2.8),True,57.3731,0.5662994,True
23,(-1.4, 0.0, 3.5),True,60.49384,0.6108551,True
24,(-1.4, 0.0, -2.1),True,63.59234,0.610733,True
25,(-2.1, 0.0, 2.8),True,65.65807,0.7442017,True
26,(2.1, 0.0, 2.8),True,67.0908,0.7775421,True
27,(2.1, 0.0, -1.4),True,68.30128,0.4108582,True
28,(-1.4, 0.0, -3.5),True,70.41137,0.6661072,True
29,(1.4, 0.0, 0.7),True,72.74407,0.6890564,True
30,(2.1, 0.0, -2.8),True,74.50967,0.6886902,True
31,(3.5, 0.0, -1.4),True,76.81953,0.5219727,True
32,(-1.4, 0.0, -2.1),True,78.66317,0.5658569,True
33,(-2.1, 0.0, 1.4),True,81.69503,0.6218262,True
34,(3.5, 0.0, 0.7),True,84.34934,0.510788,True
35,(2.8, 0.0, -0.7),True,85.85973,0.6328278,True
36,(-2.8, 0.0, -2.1),False,0,0,False
37,(0.7, 0.0, -2.8),True,89.96891,0.4774933,True
38,(2.8, 0.0, -0.7),True,92.24583,0.6554871,True
39,(-1.4, 0.0, 3.5),True,94.2562,0.5999146,True
40,(0.7, 0.0, 0.7),True,97.05454,0.421814,True
41,(-3.5, 0.0, 1.4),False,0,0,False
42,(3.5, 0.0, 1.4),True,101.8413,0.4553986,True
43,(-2.8, 0.0, 2.1),True,105.0508,0.5773926,True
44,(-3.5, 0.0, 0.7),False,0,0,False
45,(1.4, 0.0, -0.7),True,109.16,0.4769745,True
46,(-0.7, 0.0, 2.8),True,112.4141,0.5108948,True
47,(2.1, 0.0, 2.8),True,114.6134,0.5223389,True
48,(3.5, 0.0, -1.4),True,117.3008,0.5108795,True
49,(0.7, 0.0, -2.8),True,118.8334,0.6775055,True
50,(-1.4, 0.0, -0.7),True,121.9208,0.4554291,True
51,(1.4, 0.0, -2.1),True,124.2753,0.411026,True
52,(-3.5, 0.0, -1.4),False,0,0,False
53,(2.8, 0.0, 0.7),True,128.0403,0.4554138,True
54,(-1.4, 0.0, 2.1),True,129.6171,0.7106323,True
55,(2.8, 0.0, -2.1),True,131.3497,0.5440216,True
56,(1.4, 0.0, -2.1),True,132.8823,0.6885529,True
57,(-1.4, 0.0, 3.5),False,0,0,False
58,(0.7, 0.0, -3.5),True,136.2143,0.5332642,True
59,(-2.1, 0.0, 1.4),True,138.9352,0.6218109,True
60,(-0.7, 0.0, 1.4),True,140.29,0.6220093,True
61,(0.7, 0.0, -0.7),True,142.8222,0.4331055,True
62,(-3.5, 0.0, -0.7),False,0,0,False
63,(3.5, 0.0, 1.4),True,148.3973,0.5773926,True
64,(2.1, 0.0, 1.4),True,150.2299,0.5332336,True
65,(-2.1, 0.0, 2.8),True,152.5733,0.5438385,True
66,(2.8, 0.0, 0.7),True,153.9503,0.4884796,True
67,(0.7, 0.0, -1.4),True,155.4384,0.3775024,True
68,(3.5, 0.0, 1.4),True,158.0263,0.4999542,True
69,(-0.7, 0.0, 2.8),True,161.2803,0.4552765,True
70,(-1.4, 0.0, 0.7),True,163.1352,0.4441986,True
71,(2.8, 0.0, 2.1),True,165.8005,0.4664612,True
72,(0.7, 0.0, 3.5),False,0,0,False
73,(-2.1, 0.0, 1.4),True,171.1534,0.5219574,True
74,(-1.4, 0.0, 0.7),True,173.308,0.4998779,True
75,(0.7, 0.0, 1.4),True,174.9519,0.5333099,True
76,(-2.8, 0.0, -2.1),False,0,0,False
77,(2.1, 0.0, 1.4),True,178.3835,0.4777222,True
78,(1.4, 0.0, 0.7),True,180.6268,0.4328918,True
79,(-0.7, 0.0, -1.4),True,182.6037,0.6105652,True
80,(1.4, 0.0, 3.5),False,0,0,False
81,(-2.1, 0.0, -1.4),True,188.4676,0.5219116,True
82,(1.4, 0.0, -2.1),True,190.8775,0.6106567,True
83,(-0.7, 0.0, -0.7),True,192.7656,0.6441956,True
84,(-0.7, 0.0, 1.4),True,195.7641,0.4664612,True
85,(2.1, 0.0, 1.4),True,197.2192,0.5,True
86,(-2.8, 0.0, -0.7),True,199.4624,0.4992981,True
87,(0.7, 0.0, -3.5),True,202.6719,0.5661926,True
88,(-3.5, 0.0, 1.4),False,0,0,False
89,(-0.7, 0.0, -2.8),True,207.7475,0.5107727,True
90,(0.7, 0.0, -0.7),True,210.635,0.5108948,True
91,(3.5, 0.0, -0.7),True,212.9788,0.5444946,True
92,(-2.1, 0.0, -2.8),True,214.9775,0.6885986,True
93,(-3.5, 0.0, -1.4),False,0,0,False
94,(2.8, 0.0, -2.1),True,220.9858,0.5327759,True
95,(1.4, 0.0, -3.5),True,223.318,0.6552124,True
96,(0.7, 0.0, 3.5),True,224.7287,0.6662292,True
97,(1.4, 0.0, -0.7),True,227.7384,0.433197,True
98,(-2.8, 0.0, -0.7),True,230.3369,0.5548401,True
99,(1.4, 0.0, 0.7),True,232.3807,0.6887207,True
100,(-3.5, 0.0, 0.7),False,0,0,False
101,(-0.7, 0.0, 2.8),True,237.5891,0.5218506,True
102,(2.1, 0.0, -2.8),True,240.3324,0.5775146,True
103,(3.5, 0.0, -0.7),True,242.5869,0.6329041,True
104,(-3.5, 0.0, -1.4),False,0,0,False
105,(3.5, 0.0, -1.4),True,247.1849,0.5219116,True
106,(-0.7, 0.0, -3.5),False,0,0,False
107,(2.1, 0.0, -1.4),True,251.8048,0.433075,True
108,(-2.8, 0.0, 0.7),True,254.9034,0.6439819,True
109,(-0.7, 0.0, 3.5),False,0,0,False
110,(-1.4, 0.0, -3.5),True,260.3563,0.5441284,True
111,(0.7, 0.0, 2.8),True,261.7558,0.6108093,True
112,(-0.7, 0.0, -0.7),True,264.188,0.4328613,True
113,(-2.8, 0.0, -0.7),True,266.4202,0.5552673,True
114,(2.8, 0.0, 2.1),True,268.7414,0.5219421,True
115,(1.4, 0.0, 2.1),True,271.2957,0.5108948,True
116,(-0.7, 0.0, 1.4),True,274.4544,0.448761,True
117,(-2.8, 0.0, 2.1),True,276.5824,0.7554016,True
118,(2.1, 0.0, -2.8),True,277.8927,0.5776367,True
119,(-0.7, 0.0, -2.8),True,281.1582,0.5767822,True
120,(-1.4, 0.0, -0.7),True,283.4679,0.4775391,True
121,(2.1, 0.0, -1.4),True,286.1003,0.5223083,True
122,(-0.7, 0.0, 0.7),True,288.5877,0.4443359,True
123,(0.7, 0.0, 3.5),False,0,0,False
124,(0.7, 0.0, -2.8),True,292.9082,0.4776917,True
125,(-0.7, 0.0, -2.8),True,295.5067,0.5220337,True
126,(-0.7, 0.0, -3.5),True,297.2726,0.5886841,True
127,(-0.7, 0.0, -1.4),True,299.2495,0.5331116,True
128,(0.7, 0.0, 0.7),True,301.9926,0.4220886,True
129,(-1.4, 0.0, 0.7),True,303.9139,0.699585,True
130,(-3.5, 0.0, 0.7),False,0,0,False
131,(1.4, 0.0, -3.5),True,308.9116,0.5776062,True
132,(3.5, 0.0, 0.7),True,311.7108,0.6668091,True
133,(0.7, 0.0, 0.7),True,313.0989,0.4663391,True
134,(-3.5, 0.0, 1.4),False,0,0,False
135,(1.4, 0.0, 3.5),False,0,0,False
136,(0.7, 0.0, 1.4),True,320.6283,0.5015564,True
137,(-2.8, 0.0, 0.7),True,323.849,0.5993652,True
138,(-1.4, 0.0, 2.1),True,326.5478,0.7442017,True
139,(-1.4, 0.0, -3.5),True,328.1026,0.7996826,True
140,(2.1, 0.0, 2.8),True,330.2017,0.7107849,True
141,(-2.8, 0.0, 2.1),True,333.1001,0.6105042,True
142,(-0.7, 0.0, 3.5),False,0,0,False
143,(1.4, 0.0, 2.1),True,337.4316,0.5550537,True
144,(-2.8, 0.0, 0.7),True,339.3084,0.6552734,True
145,(-2.1, 0.0, -1.4),True,341.5966,0.666626,True
146,(1.4, 0.0, 2.1),True,344.706,0.7552795,True
147,(-3.5, 0.0, -0.7),False,0,0,False
148,(-1.4, 0.0, 2.1),True,349.8037,0.4666443,True
149,(-2.8, 0.0, -2.1),False,0,0,False
150,(-0.7, 0.0, -1.4),True,355.0012,0.6331177,True
151,(1.4, 0.0, -3.5),False,0,0,False
152,(2.8, 0.0, -2.1),True,360.71,0.6001282,True
153,(0.7, 0.0, -0.7),True,362.0202,0.5662231,True
154,(-3.5, 0.0, -0.7),False,0,0,False
155,(-2.1, 0.0, -2.8),True,367.2842,0.7105408,True
