0.02725887,-0.0545857,0.0209226,True
0.03318501,-0.05801201,-0.02444768,True
0.04234409,-0.06144404,-0.03460845,True
0.0531292,-0.06009698,-0.03605914,True
0.06438732,-0.1280851,0.02231625,True
0.07535648,-0.09338164,-0.01886323,True
0.0864954,-0.03199959,-0.02930731,True
0.0976162,0.07864118,-0.08787411,True
0.1087275,0.2662132,-0.1360504,True
0.1199417,0.3287845,0.1234263,True
0.2308969,2.114289,0.3247669,False
0.242013,1.975749,0.2690533,False
0.2530851,1.895516,0.2489983,False
0.2644815,1.947519,0.3101603,False
0.2756138,1.792761,0.2151674,False
0.2864742,1.93549,0.2907944,False
0.297576,1.797247,0.2590866,False
0.3086443,1.741432,0.2490191,False
0.3196754,1.710458,0.1644697,False
0.3308239,1.672588,0.2223578,False
0.3419771,1.557427,0.1759006,False
0.3532181,1.533265,0.2614883,False
0.3642054,1.428509,0.1289598,False
0.375267,1.362697,0.1568993,False
0.3865738,1.417544,0.06960344,False
0.3977327,1.101029,0.1096632,False
0.4091921,1.100416,0.090895,False
0.4202623,0.8776774,0.05124599,False
0.4317484,0.8829472,0.08471328,False
0.442853,0.8464777,0.03310245,False
0.4541903,0.7701254,0.067249,False
0.4656258,0.8350286,0.0376811,False
0.476594,0.8424003,0.04226995,False
0.4879446,0.8552878,0.1074966,False
0.4992571,0.7840221,0.06346369,False
0.5107708,0.815522,0.1051967,False
0.521677,1.042517,0.1892629,False
0.5330114,0.3436708,-0.02474439,True
0.5444183,0.1475251,-0.05562073,True
0.555501,0.2327347,-0.06168616,True
0.566555,0.1999357,-0.05076587,True
0.5775499,0.18276,-0.05269349,True
0.5886564,0.1675646,-0.06213427,True
0.5997953,0.2593989,-0.1075581,True
0.6109266,0.256161,-0.09772509,True
0.6220303,0.2314627,-0.09877944,True
0.6331558,0.2670901,-0.1210415,True
0.644248,0.283277,-0.1073994,True
0.655345,0.2769303,-0.113022,True
0.6666183,0.2695675,-0.09720385,True
0.6774426,0.2702465,-0.09974146,True
0.6887407,0.2731564,-0.1083169,True
0.6998062,0.2795887,-0.1085129,True
0.7108641,0.259064,-0.106501,True
0.7219038,0.2543249,-0.1049812,True
0.7331476,0.2463806,-0.1122866,True
0.7443094,0.2464406,-0.1083873,True
0.7551613,0.2468526,-0.08818382,True
0.7665625,0.2404568,-0.09117883,True
0.7775402,0.2503557,-0.1046298,True
0.7885971,0.7256675,0.07535583,False
0.799983,1.234685,0.5403503,False
0.8107548,1.992449,0.8349856,False
0.8221989,2.95055,0.8829213,False
0.8330526,3.390637,1.026234,False
0.8440599,3.863801,1.114872,False
0.8552399,4.029006,0.7514941,False
0.8665113,4.058988,0.7368466,False
0.8774605,3.868912,0.9178006,False
0.8885756,3.956295,0.977837,False
0.899684,3.993263,0.9531685,False
0.9108057,4.036437,1.040565,False
0.9219494,3.944086,0.9254774,False
0.9329786,3.942772,0.920009,False
0.9441605,3.874701,0.9025939,False
0.9550905,3.940667,1.017109,False
0.9663582,3.944332,1.011252,False
0.9775105,3.881297,1.098018,False
0.9884911,4.017931,0.9713647,False
0.9995661,3.829439,0.9876977,False
1.010722,3.963208,1.013895,False
1.021842,3.989525,1.037209,False
1.033774,3.976872,1.057317,False
1.044398,3.976873,1.057315,False
1.055567,4.010433,1.067436,False
1.066579,4.008925,1.077996,False
1.077781,4.016368,1.087962,False
1.08882,4.007307,1.080625,False
1.099903,4.014227,1.111926,False
1.111031,4.015958,1.116986,False
1.122507,4.015149,1.113028,False
1.133646,4.014637,1.115716,False
1.144357,4.063587,1.080132,False
1.155448,2.710321,0.7481967,False
1.166659,1.881146,0.5989648,False
1.177585,1.286918,0.2798465,False
1.188722,0.753732,0.03484261,False
1.199882,0.1732538,-0.09751391,True
1.211462,0.2106738,-0.003335714,True
1.222037,0.1913595,-0.04635537,True
1.233143,0.2454298,-0.08167046,True
1.244188,0.1968708,0.05940509,True
1.2553,0.3855178,0.09408617,True
1.266379,0.4058657,0.09691501,True
1.277264,0.4364691,0.1156052,True
1.288733,0.482053,0.1564513,False
1.299709,0.2200027,-0.07302088,True
1.310973,0.2356706,-0.02769512,True
1.321791,0.2600768,-0.01539093,True
1.333015,0.3047876,-0.06498069,True
1.343912,0.3000119,-0.08613878,True
1.354951,0.3280966,-0.1165274,True
1.366148,0.511162,0.07327771,False
1.377189,0.5036483,0.04209018,False
1.388343,0.4668777,0.02099425,True
1.399413,0.401706,-3.576279E-07,True
1.410686,0.08721232,-0.180885,True
1.421651,0.003541946,-0.1977915,True
1.432947,0.08046603,-0.2219599,True
1.444034,-0.05610871,-0.08991969,True
1.455069,-0.02300119,-0.1791216,True
1.466024,0.01853824,-0.1927721,True
1.477165,-0.02135348,-0.09184486,True
1.48926,-0.05930948,-0.07361799,True
1.499326,-0.0685606,-0.08266544,True
1.510457,-0.05174112,-0.08139706,True
1.521512,-0.03535223,-0.08667177,True
1.532617,-0.02550173,-0.09060425,True
1.543856,-0.01730609,-0.08021158,True
1.554914,-0.02196813,-0.07378316,True
1.566006,-0.03802609,-0.05305022,True
1.577191,-0.03738928,-0.03158927,True
1.588216,-0.03407621,-0.03666544,True
1.59942,-0.03324461,-0.03334922,True
1.610386,-0.02526665,-0.03158408,True
1.621497,-0.02474594,-0.02712798,True
1.632921,-0.03553081,-0.04112417,True
1.643735,-0.04319358,-0.03148913,True
1.654876,-0.04629803,-0.02620512,True
1.666033,-0.02846646,-0.009109974,True
1.677006,-0.02754116,-0.02184641,True
1.688094,-0.02691817,0.0218454,True
1.699282,-0.02868295,0.0282681,True
1.710799,-0.02620029,0.03790253,True
1.72146,-0.02215981,0.04017955,True
1.732793,-0.0220654,0.06308955,True
1.743923,-0.02071786,0.06153274,True
1.754908,-0.02061224,0.0564512,True
1.765875,-0.0179193,0.060803,True
1.777051,-0.0168829,0.05872852,True
1.788139,-0.01874638,0.0518887,True
1.799323,-0.008181572,0.06151998,True
1.810304,-0.008286238,0.06421572,True
1.821403,-0.01149631,0.06411558,True
1.832632,-0.004971027,0.07033014,True
1.843628,-0.005695581,0.06027365,True
1.854793,0.01533079,0.06463766,True
1.865962,0.004453182,0.05975413,True
1.877065,0.004348278,0.05063325,True
1.887992,0.01356721,0.05416405,True
1.899183,0.031075,0.05013525,True
1.910501,0.03004098,0.05355555,True
1.921418,0.03190851,0.05697972,True
1.932535,0.03802681,0.06040722,True
1.943906,0.03730273,0.06393254,True
1.954717,0.03802252,0.0535624,True
1.965843,0.0290091,0.06330234,True
1.976895,0.02517724,0.07035106,True
1.988101,0.01378441,0.09596843,True
1.999252,0.01660085,0.1206635,True
2.010188,0.006016016,0.1172014,True
2.021316,0.002385855,0.1200128,True
2.033009,0.03102255,0.1161001,True
2.043501,0.02281237,0.1058667,True
2.054646,0.02177596,0.1063862,True
2.066044,0.02218819,0.1047194,True
2.076806,0.02488542,0.1051408,True
2.087953,0.02271819,0.1143107,True
2.099137,0.02489448,0.112021,True
2.110228,0.02479362,0.1160871,True
2.121405,0.02966762,0.1123418,True
2.132499,0.03279018,0.1183983,True
2.143497,0.02376652,0.1243313,True
2.154737,0.02134895,0.08705217,True
2.165746,0.01668906,0.1011677,True
2.176812,0.01720691,0.1011688,True
2.188029,0.01689792,0.103459,True
2.199057,0.01866627,0.1102363,True
2.210167,0.0242703,0.1111857,True
2.221685,0.03859115,0.1110018,True
2.232286,0.05303836,0.1169759,True
2.243736,0.05717134,0.1084282,True
2.254839,0.06868529,0.1035467,True
2.26575,0.06700516,0.09625626,True
2.276779,0.06575608,0.0919956,True
2.288249,0.06318021,0.1032254,True
2.299219,0.06714821,0.1101151,True
2.310061,0.05288625,0.09519565,True
2.32124,0.05277109,0.08242244,True
2.332365,0.03243589,0.0727461,True
2.3434,0.03025651,0.0696314,True
2.35453,0.02797389,0.06516802,True
2.365986,0.03139567,0.06683087,True
2.376878,0.03077292,0.06403011,True
2.387846,0.02766371,0.06381971,True
2.398978,0.01574302,0.05675745,True
2.410095,0.01854157,0.05758941,True
2.421161,0.01936984,0.0573827,True
2.432188,0.006628275,0.05820101,True
2.443479,0.003004074,0.05736858,True
2.454506,-0.004762173,0.04555595,True
2.465625,-0.005487204,0.04327738,True
2.476782,-0.006523371,0.04866594,True
2.487739,-0.008387089,0.04711276,True
2.499125,-0.007972479,0.04338259,True
2.509895,-0.00590229,0.04762948,True
2.521074,0.0003106594,0.05176961,True
2.532421,0.00921607,0.04846054,True
2.543333,0.009216785,0.05509418,True
2.554381,0.0120132,0.05333406,True
2.565723,0.01294684,0.05779195,True
2.576829,0.01387835,0.05893326,True
2.587767,0.01367164,0.0592441,True
2.59922,0.01325846,0.06152421,True
2.609993,0.01356769,0.06017643,True
2.621135,0.01128864,0.05499184,True
2.63225,0.006420851,0.05954838,True
2.643251,0.01190829,0.05012035,True
2.654346,0.01159883,0.05074167,True
2.665707,0.008698702,0.04918516,True
2.676697,0.01646829,0.05903894,True
2.687889,0.01616359,0.07749933,True
2.698792,0.02652764,0.07792628,True
2.709934,0.02829051,0.07502377,True
2.721031,0.03005219,0.07575148,True
2.732121,0.04394674,0.07504165,True
2.743257,0.03077793,0.07627147,True
2.754604,0.03015518,0.07502556,True
2.771338,0.03160477,0.07056642,True
2.776601,0.02932,0.06299162,True
2.787651,0.0232017,0.05220288,True
2.798822,0.01149249,0.03519952,True
2.809802,0.01936316,0.03582561,True
2.821021,0.02278161,0.03655308,True
2.832066,0.01345944,0.03551257,True
2.843533,-0.001863003,0.03457314,True
2.854207,-0.001863718,0.03591985,True
2.865563,-0.004865885,0.04845703,True
2.876578,-0.00238061,0.04690123,True
2.887578,-0.002899647,0.06348443,True
2.898748,-0.01139379,0.06442654,True
2.91008,-0.009528637,0.06473589,True
2.921281,-0.008700371,0.0679493,True
2.932027,-0.006010532,0.1017762,True
2.94321,-0.007461309,0.1002162,True
2.954266,-0.006529331,0.1003189,True
2.96547,-0.00611496,0.1055254,True
2.976487,-0.004352808,0.1021899,True
2.987571,-0.01088238,0.1003257,True
2.998864,-0.01751661,0.09815514,True
3.009922,-0.01896787,0.09826076,True
3.020793,-0.02104187,0.09950995,True
3.032096,-0.02093768,0.09815997,True
3.043016,-0.01990914,0.1080503,True
3.054206,-0.01606584,0.1004378,True
3.065412,-0.02270341,0.1025316,True
3.076457,-0.02186608,0.08373308,True
3.087434,-0.02051735,0.08207124,True
3.098725,-0.02424455,0.07045501,True
3.109669,-0.0277729,0.0775134,True
3.12085,-0.03150916,0.08499044,True
3.132122,-0.04654622,0.08179277,True
3.143015,-0.04426003,0.07670349,True
3.154304,-0.04643965,0.07795089,True
3.165414,-0.05183077,0.07546669,True
3.17656,-0.05048156,0.07307816,True
3.1883,-0.04955864,0.08594853,True
3.198594,-0.04861999,0.08086085,True
3.209827,-0.06511855,0.07932454,True
3.221084,-0.06334615,0.07112169,True
3.231936,-0.05993056,0.08046043,True
3.243069,-0.05349231,0.0764038,True
3.254163,-0.05328608,0.07692224,True
3.265141,-0.05018091,0.0863657,True
3.276356,-0.04893041,0.08013469,True
3.287823,-0.05131197,0.07463586,True
3.298635,-0.04363513,0.07379693,True
3.309741,-0.0506835,0.06664455,True
3.320833,-0.05202794,0.06280702,True
3.331871,-0.05700827,0.06219053,True
3.342881,-0.05815101,0.06540745,True
3.354029,-0.05576229,0.06239557,True
3.365274,-0.05628061,0.06208515,True
3.376315,-0.05545402,0.06519759,True
3.387325,-0.05048013,0.07255924,True
3.398482,-0.05209851,0.1146804,True
3.40964,-0.05168605,0.1156185,True
3.420771,-0.04201937,0.1118444,True
3.431818,-0.04128981,0.1106945,True
3.442945,-0.05167341,0.1108184,True
3.454002,-0.04718256,0.09882283,True
3.465317,-0.05983138,0.08513218,True
3.476305,-0.05950952,0.07391924,True
3.487259,-0.05286598,0.0716278,True
3.498553,-0.05919671,0.07319278,True
3.509458,-0.05752683,0.06208712,True
3.52065,-0.05545282,0.06343383,True
3.532196,-0.06115103,0.0564872,True
3.542871,-0.05575156,0.04963696,True
3.553926,-0.05751133,0.04797918,True
3.565344,-0.07245612,0.05141395,True
3.576234,-0.06924677,0.05815476,True
3.587267,-0.06935167,0.0591923,True
3.598404,-0.07527781,0.06719077,True
3.609593,-0.07633114,0.07985824,True
3.620725,-0.07217765,0.07891881,True
3.631786,-0.07155752,0.08161706,True
3.642769,-0.07156372,0.08639419,True
3.65392,-0.06346345,0.0848251,True
3.665036,-0.07105207,0.09324932,True
3.676164,-0.07137299,0.09969485,True
3.687299,-0.06774116,0.1005228,True
3.698402,-0.06587696,0.1020839,True
3.709499,-0.06712365,0.1021896,True
3.72065,-0.06048989,0.1067661,True
3.731863,-0.04407859,0.103715,True
3.742757,-0.04604793,0.1025698,True
3.753972,-0.05029893,0.101015,True
3.765063,-0.05662799,0.09977466,True
3.776252,-0.05455089,0.09883499,True
3.787226,-0.05236268,0.0907287,True
3.798431,-0.05174446,0.09623289,True
3.809475,-0.05236697,0.09363782,True
3.820491,-0.05496812,0.09998059,True
3.832032,-0.05081367,0.09924346,True
3.842653,-0.05454564,0.09291422,True
3.853915,-0.05599999,0.09426606,True
3.864976,-0.05298948,0.09395003,True
3.876047,-0.05288744,0.09571546,True
3.887084,-0.06369472,0.1017673,True
3.898315,-0.06316924,0.09988928,True
3.909369,-0.06348276,0.1003063,True
3.920898,-0.05994868,0.09863496,True
3.931746,-0.05838466,0.09073859,True
3.942708,-0.05805993,0.08024937,True
3.95381,-0.05889487,0.08305448,True
3.964847,-0.05816507,0.08045721,True
3.976048,-0.06180739,0.09011972,True
3.987133,-0.06255555,0.1024948,True
3.999222,-0.06347036,0.09157544,True
4.009242,-0.0631566,0.08949846,True
4.020565,-0.05848193,0.08564943,True
4.031524,-0.07404613,0.07829797,True
4.042672,-0.07184792,0.06355393,True
4.053884,-0.07091498,0.06417567,True
4.064845,-0.0702908,0.06365621,True
4.076035,-0.06478333,0.05649137,True
4.08717,-0.06271529,0.06281817,True
4.098166,-0.06489015,0.06001878,True
4.109371,-0.05741644,0.0562768,True
4.120394,-0.05284595,0.04828686,True
4.131781,-0.050349,0.03802061,True
4.142534,-0.04785943,0.03770781,True
4.153713,-0.04640841,0.03656733,True
4.164958,-0.04506397,0.04247445,True
4.175945,-0.05065989,0.03853881,True
4.187018,-0.05614781,0.02931684,True
4.198291,-0.06402874,0.02880275,True
4.2093,-0.06515932,0.0178178,True
4.220716,-0.06950831,0.01160187,True
4.231504,-0.07624269,0.006008148,True
4.242746,-0.0693059,0.0167827,True
4.253618,-0.06359434,0.00994277,True
4.264769,-0.06628823,0.007353544,True
4.275836,-0.06223893,-0.001553655,True
4.287258,-0.06214762,0.01460457,True
4.298038,-0.06568575,0.0270412,True
4.309276,-0.07461023,0.03005141,True
4.320213,-0.07523274,0.02963746,True
4.331519,-0.06339455,0.01615912,True
4.342513,-0.05748415,0.01615745,True
4.353494,-0.05842233,0.02164936,True
4.364697,-0.05572796,0.02320248,True
4.375833,-0.05790234,0.01916206,True
4.386939,-0.05499816,0.01874685,True
4.398245,-0.05903912,0.01553643,True
4.409355,-0.06391001,0.01284391,True
4.420264,-0.06494212,0.007768333,True
4.431342,-0.06337762,-0.0001033545,True
4.442795,-0.05498528,0.00362426,True
4.453507,-0.06327605,0.001863539,True
4.464855,-0.06349087,0.009735823,True
4.475726,-0.05892158,0.00124228,True
4.486841,-0.05934644,0.01284289,True
4.498012,-0.05956364,0.0233072,True
4.509127,-0.05562186,0.02050841,True
4.520209,-0.05261612,0.02175117,True
4.531276,-0.0549016,0.02765822,True
4.542523,-0.05448961,0.03097439,True
4.553623,-0.0557344,0.03076786,True
4.564756,-0.05905581,0.03315383,True
4.575808,-0.05916333,0.0382334,True
4.586956,-0.05980015,0.05285549,True
4.598004,-0.05938601,0.05472249,True
4.608996,-0.05783057,0.0542028,True
4.620289,-0.05980039,0.05410045,True
4.631216,-0.06614423,0.06718063,True
4.642298,-0.06583095,0.06603825,True
4.653419,-0.06655335,0.06282175,True
4.664564,-0.06375289,0.06344157,True
4.675671,-0.06105542,0.06312776,True
4.686917,-0.06044197,0.07340163,True
4.697928,-0.06460214,0.0820232,True
4.709381,-0.06232309,0.08607095,True
4.720037,-0.06097388,0.08658689,True
4.731419,-0.06221795,0.0851351,True
4.742242,-0.06595159,0.08212882,True
4.753394,-0.06533003,0.08326966,True
4.764923,-0.05111456,0.08605564,True
4.775611,-0.04997396,0.08792269,True
4.786722,-0.0507009,0.08781958,True
4.797984,-0.05496097,0.094264,True
4.809069,-0.05205441,0.0936375,True
4.820105,-0.05776358,0.09468374,True
4.83118,-0.05453849,0.08543682,True
4.842203,-0.05650997,0.08533555,True
4.853369,-0.06565189,0.09178782,True
4.86476,-0.06066942,0.09427211,True
4.875608,-0.07010889,0.08535409,True
4.886643,-0.09088349,0.08590323,True
4.897924,-0.09361649,0.1010892,True
4.908984,-0.09361672,0.1010891,True
4.920041,-0.09340549,0.100463,True
4.931249,-0.07779717,0.0892078,True
4.942353,-0.07416034,0.08722952,True
4.953302,-0.07675529,0.08619452,True
4.964429,-0.07685828,0.08484462,True
4.97551,-0.07934666,0.08183575,True
4.98665,-0.07996869,0.08173254,True
4.997835,-0.08329296,0.08225599,True
5.008893,-0.08173704,0.08318853,True
5.020203,-0.07861924,0.08152324,True
5.03123,-0.0812068,0.0760217,True
5.042253,-0.08214951,0.08194283,True
5.05322,-0.09170222,0.07759383,True
5.064912,-0.08692002,0.07561409,True
5.075583,-0.08804035,0.06045681,True
5.08654,-0.09259987,0.05246976,True
5.097749,-0.09145093,0.04873204,True
5.109214,-0.084378,0.03897578,True
5.120192,-0.07929134,0.03876477,True
5.131105,-0.07752228,0.03482288,True
5.142152,-0.07762814,0.03627485,True
5.153319,-0.07616091,0.02455795,True
5.164371,-0.06526566,0.02082282,True
5.175634,-0.06039071,0.02019942,True
5.186621,-0.06205678,0.02745426,True
5.19778,-0.05366135,0.03252846,True
5.20909,-0.05417585,0.02641428,True
5.219985,-0.0587337,0.02268547,True
5.231197,-0.05728889,0.02942121,True
5.242031,-0.05988193,0.02931899,True
5.25326,-0.06072974,0.04870763,True
5.264698,-0.05906487,0.04393613,True
5.275827,-0.06041789,0.04756698,True
5.28653,-0.06186366,0.04134554,True
5.297804,-0.06548619,0.03491932,True
5.308813,-0.06434965,0.03854746,True
5.319912,-0.06476307,0.03637037,True
5.331194,-0.07358646,0.04052445,True
5.341968,-0.06601381,0.0420745,True
5.353089,-0.07991457,0.03928387,True
5.364489,-0.08779192,0.03026587,True
5.375658,-0.08810616,0.03265077,True
5.386466,-0.09111691,0.03327444,True
5.397518,-0.09330606,0.03804749,True
5.408713,-0.08842564,0.03866646,True
5.419722,-0.0742929,0.02435002,True
5.431017,-0.07771707,0.02424791,True
5.441953,-0.07761765,0.02756518,True
5.453054,-0.07762122,0.0315046,True
5.46416,-0.06619215,0.01346654,True
5.475299,-0.06494761,0.0137763,True
5.486544,-0.05986857,0.01626176,True
5.497518,-0.05457902,0.01429164,True
5.509169,-0.05281663,0.01304889,True
5.519737,-0.05240226,0.01398098,True
5.531154,-0.06058812,0.009735227,True
5.542005,-0.0593369,0.001760125,True
5.553117,-0.05996227,0.004349232,True
5.564242,-0.06027246,0.004453301,True
5.575273,-0.05933905,-0.004970849,True
5.586459,-0.06392384,-0.02569461,True
5.597431,-0.06661701,-0.02300042,True
5.608568,-0.06838512,-0.02673227,True
5.619765,-0.06817865,-0.0275616,True
5.630836,-0.06910896,-0.02476358,True
5.642029,-0.07554436,-0.02849859,True
5.653003,-0.07398868,-0.02839404,True
5.664203,-0.07885098,-0.0170961,True
5.675258,-0.0785265,-0.007562995,True
5.68632,-0.07550931,-0.0006215572,True
5.697437,-0.06784344,0.007250309,True
5.70856,-0.06650519,0.01678181,True
5.719577,-0.06826401,0.01201588,True
5.730788,-0.06672263,0.02548701,True
5.741864,-0.07005954,0.04176593,True
5.752904,-0.07151604,0.04570845,True
5.764147,-0.06445789,0.04217753,True
5.775249,-0.05968499,0.04165491,True
5.78623,-0.06362891,0.04269511,True
5.797543,-0.06237793,0.03782058,True
5.808712,-0.0622766,0.04072326,True
5.819594,-0.0625906,0.04269463,True
5.831096,-0.064044,0.04321384,True
5.841893,-0.06311202,0.04487288,True
5.853002,-0.0689218,0.04487643,True
5.864006,-0.06050968,0.03605717,True
5.875344,-0.06476378,0.03740734,True
5.886242,-0.07979703,0.02756602,True
5.897285,-0.0824976,0.02995163,True
5.908527,-0.08841515,0.0314064,True
5.919528,-0.08779407,0.03192538,True
5.930782,-0.08457541,0.03244144,True
5.941778,-0.08945584,0.03265178,True
5.952976,-0.08717346,0.03306562,True
5.96397,-0.08822823,0.0456174,True
5.975052,-0.09737682,0.05299208,True
5.986202,-0.09436154,0.05018798,True
5.997276,-0.09459925,0.07074216,True
6.008301,-0.09305048,0.07697204,True
6.019449,-0.07436585,0.08536041,True
6.030788,-0.05817533,0.08959588,True
6.041628,-0.06108999,0.09770164,True
6.052814,-0.06825137,0.0961538,True
6.064013,-0.07647419,0.1028312,True
6.075203,-0.08279586,0.09835905,True
6.086113,-0.09265089,0.0874638,True
6.098192,-0.1061678,0.07721332,True
6.108459,-0.108252,0.07607776,True
6.119553,-0.1105282,0.06621319,True
6.130552,-0.1126118,0.0641422,True
6.141659,-0.1144884,0.0624862,True
6.153048,-0.1142731,0.05967942,True
6.163885,-0.1081121,0.05685744,True
6.175007,-0.1010215,0.05652699,True
6.186079,-0.1009133,0.05382749,True
6.197174,-0.09695411,0.04769945,True
6.208273,-0.09519148,0.04904732,True
6.219385,-0.08968425,0.04738191,True
6.230619,-0.08875799,0.05350327,True
6.241901,-0.08689117,0.05557761,True
6.252712,-0.0868907,0.05443603,True
6.264027,-0.0971899,0.06711075,True
6.275108,-0.1021879,0.0680562,True
6.286322,-0.1036532,0.07013971,True
6.297178,-0.1059666,0.08136886,True
6.308325,-0.1069002,0.07887843,True
6.319326,-0.1153512,0.07724702,True
6.330902,-0.1243453,0.08331308,True
6.341532,-0.123626,0.08809635,True
6.352678,-0.1252942,0.08654252,True
6.363733,-0.1216302,0.08319873,True
6.374868,-0.1262305,0.08404979,True
6.386074,-0.1186011,0.08422592,True
6.397137,-0.1368825,0.07743129,True
6.408155,-0.1319509,0.07096305,True
6.419529,-0.1248252,0.06251669,True
6.430437,-0.1318455,0.07013041,True
6.441589,-0.1307108,0.07668087,True
6.453037,-0.1216111,0.07373527,True
6.463627,-0.102828,0.07564175,True
6.475004,-0.1001174,0.07583994,True
6.486019,-0.1003253,0.0757373,True
6.497231,-0.1004157,0.06763554,True
6.50803,-0.1043754,0.06660897,True
6.519238,-0.1061478,0.06568089,True
6.530376,-0.1000962,0.06337625,True
6.541965,-0.1134403,0.06092373,True
6.552568,-0.1024904,0.06151503,True
6.563761,-0.1001902,0.05704337,True
6.575069,-0.1024039,0.0714851,True
6.585917,-0.09689021,0.0731338,True
6.596952,-0.1051183,0.07398754,True
6.608168,-0.1146121,0.07267079,True
6.619585,-0.1115963,0.078273,True
6.630716,-0.1204894,0.0874584,True
6.641363,-0.1206784,0.0777871,True
6.652777,-0.1238158,0.0784232,True
6.66363,-0.1244218,0.06833816,True
6.675163,-0.1332915,0.06160724,True
6.68652,-0.1453524,0.07402807,True
6.69729,-0.1807373,0.05038989,True
6.708128,-0.1821299,0.05987707,True
6.719275,-0.1848576,0.0576961,True
6.730442,-0.1897933,0.05625051,True
6.741356,-0.1824346,0.05581373,True
6.752493,-0.1609695,0.07523036,True
6.763811,-0.1585886,0.04638094,True
6.774683,-0.154078,0.04408211,True
6.785919,-0.1584961,0.0508557,True
6.796896,-0.1515622,0.04501104,True
6.808001,-0.1459098,0.0436483,True
6.819036,-0.1470814,0.05166036,True
6.830221,-0.1602173,0.06856054,True
6.841335,-0.1585438,0.06938869,True
6.85236,-0.1554263,0.08073017,True
6.864296,-0.1288543,0.08905518,True
6.874714,-0.128979,0.09738383,True
6.886021,-0.1289735,0.0958209,True
6.896822,-0.1285391,0.08531234,True
6.907907,-0.129374,0.08749634,True
6.919399,-0.1288559,0.0901998,True
6.930193,-0.1360526,0.07514599,True
6.941383,-0.1513252,0.07477823,True
6.952419,-0.1380126,0.06786335,True
6.963676,-0.1427169,0.0663172,True
6.974649,-0.1414547,0.06412762,True
6.985758,-0.1425841,0.05404055,True
6.996944,-0.1414056,0.04176688,True
7.007895,-0.1468534,0.0410521,True
7.019041,-0.1504154,0.04521787,True
7.030123,-0.1412382,0.06079838,True
7.041401,-0.1374607,0.05537921,True
7.052414,-0.139745,0.04052109,True
7.063467,-0.1413949,0.03677684,True
7.074602,-0.141592,0.03272307,True
7.085657,-0.1449347,0.02940255,True
7.096796,-0.1538751,-0.005506992,True
7.107841,-0.1509485,-0.006648719,True
7.1192,-0.1430023,-0.008827448,True
7.130049,-0.1277564,0.00892514,True
7.141218,-0.125144,0.01338595,True
7.152248,-0.127322,0.005500019,True
7.163736,-0.1468086,0.02555889,True
7.174709,-0.1648009,0.01611584,True
7.185699,-0.1703675,0.02517027,True
7.196911,-0.1769896,0.02403545,True
7.207869,-0.1788762,0.0287202,True
7.219131,-0.1787815,0.02591181,True
7.230242,-0.1641243,0.03796285,True
7.241117,-0.160923,0.02058291,True
7.252369,-0.1675003,-0.007070303,True
7.263815,-0.1879179,-0.02384144,True
7.274456,-0.1838307,-0.02144361,True
7.285917,-0.1797349,-0.02726734,True
7.297224,-0.175139,-0.001248181,True
7.307783,-0.1770959,0.02133006,True
7.319302,-0.178093,0.04371649,True
7.330099,-0.191479,0.04760903,True
7.341177,-0.2109461,0.05007619,True
7.352335,-0.2115128,0.05958205,True
7.363293,-0.2068043,0.04932821,True
7.374365,-0.2076802,0.05674446,True
7.385605,-0.2146814,0.05416584,True
7.39658,-0.2114613,0.04569262,True
7.407787,-0.2163727,0.051875,True
7.418791,-0.2132969,0.05353266,True
7.429897,-0.2195926,0.05910069,True
7.441088,-0.2123754,0.06261677,True
7.452126,-0.2144396,0.0746465,True
7.463375,-0.2046707,0.07562977,True
7.474962,-0.20454,0.06915367,True
7.485518,-0.211659,0.07107475,True
7.496771,-0.2138128,0.07756966,True
7.507753,-0.2133512,0.06763741,True
7.51919,-0.2131455,0.06951725,True
7.529902,-0.2136834,0.07119289,True
7.541208,-0.2140579,0.05802798,True
7.552128,-0.2155404,0.05688584,True
7.563391,-0.2148218,0.06315231,True
7.574308,-0.2220786,0.07019591,True
7.585491,-0.2207868,0.06527507,True
7.596565,-0.2194088,0.06746218,True
7.607765,-0.2188756,0.06693646,True
7.618734,-0.2170568,0.06410447,True
7.630037,-0.2112362,0.07086337,True
7.640949,-0.2122724,0.06376532,True
7.652079,-0.2147586,0.07464844,True
7.663263,-0.2170475,0.09003547,True
7.674356,-0.2202277,0.1003409,True
7.685421,-0.2178032,0.1024216,True
7.696512,-0.2162669,0.08019906,True
7.707592,-0.2155004,0.07423428,True
7.718683,-0.2163479,0.07350823,True
7.729744,-0.2194636,0.08189401,True
7.740883,-0.2221234,0.08118033,True
7.752018,-0.2214873,0.08190802,True
7.763186,-0.2198873,0.0814783,True
7.774197,-0.2202113,0.0831539,True
7.785316,-0.2227323,0.0954268,True
7.796511,-0.2226293,0.09584582,True
7.807577,-0.2224331,0.09731418,True
7.819012,-0.2222934,0.09458241,True
7.829849,-0.221894,0.1061368,True
7.8409,-0.215524,0.09841204,True
7.852003,-0.2131524,0.09545332,True
7.86305,-0.2134557,0.09398702,True
7.874117,-0.20941,0.09374392,True
7.885361,-0.2094109,0.09384859,True
7.89642,-0.2087884,0.1151578,True
7.907457,-0.1950552,0.05522394,True
7.919147,-0.1972368,0.04261482,True
7.930241,-0.1697848,0.03703618,True
7.940823,-0.175384,0.0431951,True
7.951994,-0.1777585,0.03632194,True
7.963068,-0.1788499,0.05090675,True
7.974464,-0.1796598,0.07748801,True
7.98525,-0.1779525,0.1222512,True
7.996561,-0.1804972,0.100253,True
8.007471,-0.1790085,0.09804764,True
8.018517,-0.178468,0.09678739,True
8.029757,-0.1773112,0.09646818,True
8.040834,-0.1793947,0.09438556,True
8.051842,-0.1827798,0.09649584,True
8.063112,-0.1836934,0.09023172,True
8.074114,-0.1854789,0.09013456,True
8.085209,-0.1861663,0.07355013,True
8.096325,-0.1844821,0.07291752,True
8.107342,-0.1889656,0.06073138,True
8.118603,-0.1892719,0.05729178,True
8.129854,-0.1937876,0.05553174,True
8.140705,-0.1908436,0.05594018,True
8.151888,-0.1875637,0.04863474,True
8.16304,-0.1873212,0.03790125,True
8.174006,-0.18594,0.03206599,True
8.185234,-0.1894231,0.03738469,True
8.196194,-0.190129,0.02780065,True
8.207417,-0.1909771,0.02957332,True
8.218365,-0.1950698,0.02728695,True
8.230318,-0.1916015,0.02769881,True
8.240608,-0.1920223,0.02395064,True
8.25194,-0.193157,0.02040869,True
8.262905,-0.1926148,0.0142636,True
8.2743,-0.1961069,0.02062082,True
8.285559,-0.1936867,0.0219717,True
8.296347,-0.1923685,0.001769423,True
8.307243,-0.1920702,0.007287145,True
8.318485,-0.1886976,0.004163504,True
8.32951,-0.1813447,0.003849655,True
8.340771,-0.1817591,0.002080381,True
8.351673,-0.1820133,0.01789951,True
8.362835,-0.1945882,0.006663114,True
8.373878,-0.1946211,0.01770222,True
8.385468,-0.1942983,0.01541048,True
8.39608,-0.1940894,0.01561883,True
8.407238,-0.1945066,0.01488972,True
8.418358,-0.1966305,0.01905882,True
8.429857,-0.1993654,0.01291588,True
8.440836,-0.1995802,0.01395783,True
8.451605,-0.1994555,0.007811576,True
8.462795,-0.2062416,0.009796202,True
8.473955,-0.2080448,0.009276092,True
8.485203,-0.2065556,0.007607728,True
8.496147,-0.2015727,0.008125663,True
8.507177,-0.2012582,0.008959025,True
8.518442,-0.2017844,0.007917047,True
8.529356,-0.2022314,0.01500309,True
8.540527,-0.2059553,0.01823986,True
8.551933,-0.2111695,0.02294233,True
8.56284,-0.2215335,0.03800076,True
8.573795,-0.2247212,0.03707039,True
8.585035,-0.2323916,0.03782615,True
8.596464,-0.2260237,0.04334506,True
8.607126,-0.2263527,0.04575062,True
8.618294,-0.2290947,0.03917524,True
8.629486,-0.2312133,0.03594056,True
8.640877,-0.2333498,0.03709751,True
8.651512,-0.2268651,0.04073545,True
8.662739,-0.2117388,0.0334819,True
8.674086,-0.2224169,0.01889154,True
8.684935,-0.2088063,0.01501161,True
8.696014,-0.2115614,0.01386747,True
8.707485,-0.2003617,0.02656913,True
8.718216,-0.198976,0.02343929,True
8.729372,-0.2059767,0.02470434,True
8.740608,-0.2105355,0.02387932,True
8.751896,-0.2076597,0.02105746,True
8.762632,-0.2041357,0.0135462,True
8.773836,-0.2040377,0.01604819,True
8.784954,-0.2065942,0.01917928,True
8.796003,-0.2021534,0.0543178,True
8.807034,-0.2055383,0.05120158,True
8.818157,-0.2012074,0.05692175,True
8.829308,-0.2041175,0.06998613,True
8.840349,-0.1973677,0.08059442,True
8.851521,-0.1934972,0.09424603,True
8.862608,-0.2121987,0.1057334,True
8.873671,-0.2107093,0.1058249,True
8.884928,-0.2092142,0.1050774,True
8.895952,-0.2043488,0.1073429,True
8.907166,-0.2086859,0.1053873,True
8.918324,-0.2115862,0.1081441,True
8.929146,-0.2016897,0.1071084,True
8.940832,-0.2049403,0.1031486,True
8.951439,-0.2026238,0.105018,True
8.962498,-0.194721,0.1001243,True
8.973705,-0.18905,0.103649,True
8.984856,-0.1807928,0.1098936,True
8.995829,-0.186686,0.1101346,True
9.007193,-0.1876712,0.1143346,True
9.018068,-0.1892781,0.1173862,True
9.029612,-0.1804364,0.1174407,True
9.040262,-0.1696153,0.1185328,True
9.051443,-0.1702883,0.1110944,True
9.062956,-0.1722803,0.1104756,True
9.073608,-0.177572,0.1023334,True
9.084759,-0.1787901,0.1094631,True
9.096165,-0.1740949,0.1136302,True
9.106848,-0.1732693,0.1156175,True
9.117973,-0.1761384,0.119198,True
9.129091,-0.1722248,0.1163452,True
9.140297,-0.1724405,0.1171849,True
9.151274,-0.1714952,0.117075,True
9.16264,-0.1739521,0.1219127,True
9.173603,-0.1722407,0.131241,True
9.184639,-0.1759098,0.1293759,True
9.195795,-0.1740103,0.128943,True
9.20702,-0.1767037,0.136416,True
9.218163,-0.1695783,0.1402548,True
9.229242,-0.1782303,0.130021,True
9.240191,-0.1785057,0.1375847,True
9.251348,-0.1828899,0.1333052,True
9.262428,-0.1731157,0.1352369,True
9.273661,-0.1722844,0.1365969,True
9.285021,-0.1748495,0.1410283,True
9.295755,-0.1728554,0.1291463,True
9.307255,-0.1757884,0.1274862,True
9.317884,-0.1556213,0.1160386,True
9.329042,-0.1293604,0.1245736,True
9.340231,-0.1540926,0.1218985,True
9.351238,-0.1538038,0.1256696,True
9.362511,-0.1509686,0.1254431,True
9.373623,-0.1459408,0.1267735,True
9.384636,-0.1488647,0.1249051,True
9.39571,-0.1658437,0.0933851,True
9.406757,-0.1635094,0.08388817,True
9.417883,-0.1663351,0.08087745,True
9.429085,-0.1722124,0.08069208,True
9.440067,-0.1723175,0.08069271,True
9.451361,-0.1718616,0.06735003,True
9.462513,-0.1737556,0.06943947,True
9.473454,-0.1734488,0.07246104,True
9.484871,-0.1799722,0.07655093,True
9.495867,-0.188184,0.08023369,True
9.506727,-0.189635,0.07272819,True
9.517963,-0.1897221,0.0673036,True
9.529432,-0.178252,0.06205472,True
9.540108,-0.1784666,0.06413966,True
9.551193,-0.1841424,0.0655126,True
9.562326,-0.1894186,0.07157901,True
9.573744,-0.2408502,0.07198265,True
9.584517,-0.2311437,0.09475839,True
9.595665,-0.05373931,-0.2787756,True
9.728958,-0.02848268,0.04578066,True
9.739897,-0.05220938,0.031699,True
9.751059,-0.1156898,0.08993521,True
9.762199,-0.214915,0.1203727,True
9.77342,-0.15873,0.1242326,True
9.784855,-0.1843226,0.08981711,True
9.795496,-0.162535,0.1804088,True
9.806629,-0.1296401,0.1193402,True
9.817619,-0.1953542,0.1421514,True
9.828876,-0.1656599,0.1500018,True
9.840054,-0.1624689,0.1455653,True
9.851019,-0.1581073,0.166567,True
9.862101,-0.1990356,0.2112184,True
9.873247,-0.2013929,0.2481849,True
9.884769,-0.2162712,0.2462328,True
9.895405,-0.2273626,0.2082052,True
9.906624,-0.220942,0.1981332,True
9.917789,-0.2237723,0.1948678,True
9.929117,-0.2438393,0.172054,True
9.939899,-0.2437775,0.1813079,True
9.950964,-0.2385895,0.1725074,True
9.962141,-0.2364664,0.1740665,True
9.973108,-0.2379391,0.1794007,True
9.984428,-0.2519925,0.183363,True
9.995687,-0.2476306,0.1854335,True
10.00648,-0.2493784,0.1769106,True
10.01755,-0.2419918,0.1700141,True
10.02906,-0.2469163,0.1872395,True
10.03985,-0.2442029,0.191152,True
10.05098,-0.2533088,0.1943015,True
10.06219,-0.2565155,0.1883569,True
10.07319,-0.2581489,0.1891335,True
10.08426,-0.2636023,0.1953547,True
10.09561,-0.2564499,0.1952097,True
10.10641,-0.2539146,0.1975245,True
10.1176,-0.242346,0.1948664,True
10.12868,-0.2330124,0.1903219,True
10.13979,-0.2365642,0.1908084,True
10.15097,-0.2324855,0.1907408,True
10.16193,-0.2435405,0.1802368,True
10.17311,-0.2388282,0.1743138,True
10.1843,-0.2327247,0.165648,True
10.19531,-0.2245178,0.1305847,True
10.20648,-0.2229128,0.1300409,True
10.21756,-0.2239408,0.1265755,True
10.22894,-0.2228379,0.1143484,True
10.23968,-0.224057,0.1182549,True
10.2511,-0.2207201,0.1154857,True
10.26202,-0.2181706,0.1065235,True
10.273,-0.2172728,0.1026273,True
10.28445,-0.2213917,0.08546448,True
10.29531,-0.2245533,0.07690629,True
10.30677,-0.223918,0.07742566,True
10.31748,-0.2119708,0.0686737,True
10.32873,-0.2398515,0.0637024,True
10.34005,-0.2591345,0.04661089,True
10.35079,-0.2616737,0.03991094,True
10.36189,-0.268733,0.03626385,True
10.373,-0.2760251,0.03597113,True
10.38424,-0.2738426,0.02757305,True
10.39522,-0.2171557,0.06232756,True
10.40642,-0.1843719,0.07156152,True
10.41754,-0.1846857,0.07062393,True
10.42851,-0.1853085,0.06791541,True
10.43963,-0.1941199,0.06022623,True
10.45085,-0.2007132,0.06662631,True
10.46204,-0.2192516,0.05408227,True
10.47288,-0.2153859,0.04393291,True
10.48976,-0.2121177,0.05029088,True
10.49527,-0.2123978,0.05249956,True
10.50621,-0.2189333,0.05376723,True
10.51735,-0.2207427,0.05377612,True
10.52853,-0.2318444,0.06094009,True
10.53964,-0.23281,0.06272399,True
10.55113,-0.2335596,0.06398308,True
10.5618,-0.2327137,0.06565318,True
10.57306,-0.2273784,0.06384572,True
10.58397,-0.2207742,0.0626604,True
10.59523,-0.2281387,0.06730208,True
10.60626,-0.2353899,0.06859842,True
10.61761,-0.2333803,0.07246083,True
10.62845,-0.2199569,0.07133442,True
10.63955,-0.2165575,0.0726729,True
10.65096,-0.2165527,0.07100058,True
10.6617,-0.2069631,0.0644674,True
10.67297,-0.2114282,0.06511891,True
10.68397,-0.2076077,0.06582904,True
10.69524,-0.20697,0.06540832,True
10.70616,-0.2107754,0.06135419,True
10.71735,-0.2150354,0.06325755,True
10.72835,-0.2121623,0.06251127,True
10.73954,-0.2153676,0.06723067,True
10.7508,-0.2170753,0.06839061,True
10.76171,-0.2253718,0.06833249,True
10.77316,-0.2234693,0.07177359,True
10.78399,-0.227838,0.0727407,True
10.79509,-0.2291915,0.09138344,True
10.80614,-0.2300427,0.09159908,True
10.8173,-0.2285347,0.09957184,True
10.82836,-0.2400315,0.1056679,True
10.83946,-0.2376158,0.1001754,True
10.85059,-0.2489629,0.101115,True
10.86158,-0.2555187,0.1028572,True
10.87299,-0.2549107,0.1137136,True
10.88398,-0.2674835,0.1154158,True
10.89505,-0.2631207,0.1184359,True
10.9061,-0.2594657,0.1178723,True
10.91727,-0.2598121,0.1198808,True
10.92849,-0.2393978,0.05584872,True
10.93942,-0.222194,0.04448026,True
10.95084,-0.2214515,0.04489595,True
10.96163,-0.2209332,0.04875925,True
10.97277,-0.2213311,0.06914628,True
10.9839,-0.2125132,0.07076797,True
10.99511,-0.2120929,0.07233262,True
11.00611,-0.2359645,0.1050008,True
11.01719,-0.2401516,0.1065128,True
11.02831,-0.2440114,0.1073902,True
11.03929,-0.2524891,0.1173808,True
11.05071,-0.2464175,0.1198532,True
11.06158,-0.2426605,0.1278321,True
11.07272,-0.2452044,0.1259584,True
11.08392,-0.2423804,0.1224486,True
11.09499,-0.2531161,0.133225,True
11.10617,-0.2542326,0.1280612,True
11.1171,-0.2474034,0.1219715,True
11.12817,-0.2346625,0.1211023,True
11.13938,-0.230021,0.1171569,True
11.15055,-0.2303562,0.1185291,True
11.1615,-0.2289662,0.1274717,True
11.17299,-0.2307851,0.127492,True
11.18379,-0.230638,0.1242218,True
11.19489,-0.2276466,0.1241897,True
11.20596,-0.2205815,0.131595,True
11.21701,-0.2203655,0.1313818,True
11.22816,-0.2106729,0.1316968,True
11.23937,-0.2089334,0.1284136,True
11.25044,-0.2134304,0.111314,True
11.26152,-0.2169526,0.1121881,True
11.27277,-0.2183471,0.1035814,True
11.28388,-0.2224617,0.1094006,True
11.29509,-0.2241695,0.08768192,True
11.30596,-0.2240064,0.09522653,True
11.31702,-0.2257521,0.09870759,True
11.32815,-0.2327688,0.1236128,True
11.33925,-0.2351413,0.1253249,True
11.35034,-0.2371595,0.124291,True
11.36177,-0.2441995,0.131226,True
11.37257,-0.2374101,0.1272479,True
11.38384,-0.2412746,0.1108416,True
11.39502,-0.2264926,0.1075449,True
11.40595,-0.2171707,0.1029418,True
11.41697,-0.2247152,0.101221,True
11.42802,-0.2252424,0.08957429,True
11.43914,-0.2312677,0.07747245,True
11.45024,-0.2343433,0.07267645,True
11.46144,-0.2352133,0.07760265,True
11.47247,-0.2337489,0.084087,True
11.48363,-0.2334242,0.08387382,True
11.49485,-0.2368917,0.09333366,True
11.50574,-0.2366965,0.0949093,True
11.5169,-0.2408574,0.1032546,True
11.52802,-0.2457478,0.0923516,True
11.53917,-0.2451994,0.09087628,True
11.55044,-0.2366526,0.09070587,True
11.56135,-0.2294667,0.08007781,True
11.5729,-0.2325511,0.07790034,True
11.58353,-0.233495,0.07476428,True
11.59481,-0.2334027,0.07780071,True
11.60583,-0.2310779,0.08281185,True
11.61686,-0.2345686,0.07602802,True
11.62794,-0.2493875,0.07025081,True
11.63914,-0.2501307,0.06889282,True
11.65046,-0.2503629,0.07308796,True
11.66125,-0.2525952,0.06995577,True
11.67264,-0.2628837,0.04725417,True
11.68347,-0.261976,0.03519498,True
11.69469,-0.2553499,0.01213932,True
11.70603,-0.2593122,0.01298097,True
11.71683,-0.2565351,0.01360634,True
11.72799,-0.2570715,0.01392102,True
11.73903,-0.2537618,0.01548707,True
11.75017,-0.2494867,0.01631847,True
11.76124,-0.2501743,0.02678557,True
11.77245,-0.2438514,0.0226908,True
11.78343,-0.2434921,0.03880379,True
11.79457,-0.2395697,0.0460106,True
11.80584,-0.2320952,0.04378547,True
11.8167,-0.2325308,0.04567005,True
11.82787,-0.2381611,0.04056454,True
11.83897,-0.2391376,0.04433492,True
11.85015,-0.2393718,0.04977711,True
11.86133,-0.2391667,0.05207911,True
11.87234,-0.2342968,0.06168455,True
11.88344,-0.2382376,0.0594025,True
11.89476,-0.2218182,0.05775221,True
11.90554,-0.2218144,0.05618472,True
11.91691,-0.2223794,0.06486508,True
11.92782,-0.2173665,0.06170154,True
11.93919,-0.2252684,0.06906417,True
11.95008,-0.2213287,0.068519,True
11.96117,-0.2251599,0.06833173,True
11.97264,-0.2325292,0.07287452,True
11.98342,-0.2322631,0.0869025,True
11.99458,-0.2308929,0.0909768,True
12.00554,-0.232537,0.09508596,True
12.01683,-0.2289646,0.09989062,True
12.02784,-0.2279158,0.09200272,True
12.03904,-0.228394,0.07870996,True
12.05002,-0.2257435,0.08151831,True
12.06108,-0.2280784,0.0796501,True
12.0723,-0.2372382,0.07646355,True
12.08335,-0.2376533,0.07363907,True
12.09448,-0.2151899,0.07674207,True
12.10562,-0.2261603,0.07859167,True
12.11674,-0.2310984,0.08898884,True
12.12774,-0.2273762,0.09084576,True
12.13888,-0.2372251,0.09438746,True
12.14999,-0.2373357,0.09480844,True
12.16105,-0.2404528,0.09641142,True
12.17234,-0.2385919,0.09271589,True
12.18329,-0.2350843,0.09405456,True
12.19502,-0.2301574,0.09254374,True
12.20555,-0.2270734,0.09304616,True
12.2167,-0.2273095,0.09504318,True
12.22776,-0.2348723,0.09415801,True
12.23913,-0.2317414,0.08899453,True
12.24991,-0.2336528,0.0871229,True
12.26097,-0.2215192,0.09027921,True
12.27217,-0.2403862,0.0994633,True
12.28316,-0.2408648,0.1037805,True
12.29472,-0.2385309,0.1051297,True
12.30552,-0.2387381,0.1046049,True
12.31668,-0.2435007,0.1007518,True
12.3279,-0.2479718,0.09900017,True
12.33873,-0.2611179,0.09658216,True
12.35003,-0.2635748,0.1037719,True
12.36095,-0.2637162,0.1063054,True
12.37215,-0.2714481,0.1065839,True
12.38317,-0.2706609,0.1038342,True
12.39428,-0.2719495,0.1038445,True
12.40538,-0.2620165,0.1077659,True
12.41653,-0.2577312,0.1079385,True
12.4276,-0.2545388,0.1183504,True
12.4388,-0.2550807,0.1189886,True
12.44986,-0.2550788,0.1187779,True
12.46098,-0.2548397,0.1166659,True
12.47206,-0.2465057,0.1186927,True
12.48329,-0.2388461,0.1135562,True
12.49435,-0.23575,0.1049993,True
12.50544,-0.2358105,0.1012108,True
12.51646,-0.2222452,0.0996238,True
12.52755,-0.219492,0.1010705,True
12.53876,-0.207454,0.1094719,True
12.54977,-0.1968272,0.1194528,True
12.56098,-0.1939535,0.1188983,True
12.57203,-0.1977828,0.1092762,True
12.58311,-0.1973066,0.1250271,True
12.59428,-0.2043064,0.1238382,True
12.60534,-0.2027416,0.1266612,True
12.61655,-0.1874688,0.127032,True
12.62864,-0.17296,0.1290412,True
12.63959,-0.1598251,0.1030784,True
12.65046,-0.1696153,0.1060621,True
12.66155,-0.1786029,0.1242494,True
12.67257,-0.1875288,0.1333375,True
12.68381,-0.1887925,0.1443888,True
12.69495,-0.1934507,0.1428667,True
12.70581,-0.1718435,0.1719489,True
12.71687,-0.1757712,0.1627095,True
12.72765,-0.1780779,0.1493566,True
12.73913,-0.1819046,0.1289926,True
12.75011,-0.05667424,0.1163584,True
12.7611,-0.1478641,0.116937,True
12.77227,-0.158972,0.07345141,True
12.78337,-0.2184854,0.07613529,True
12.79457,-0.1802692,0.03309754,True
12.8055,-0.1835377,0.03778989,True
12.81651,-0.1950943,0.03520633,True
12.82765,-0.1782963,0.04132071,True
12.83866,-0.1816149,0.02643519,True
12.84982,-0.1968195,0.0745367,True
12.86093,-0.2219453,0.005947683,True
12.87208,-0.2512581,0.00481125,True
12.88311,-0.2491958,0.02332927,True
12.8944,-0.2378173,0.007732078,True
12.90525,-0.2335284,0.00020919,True
12.91651,-0.2326992,-0.0077288,True
12.92749,-0.2296469,-0.01587413,True
12.93869,-0.2239873,-0.01116819,True
12.94998,-0.2219365,0.002921596,True
12.96129,-0.2136819,0.01251391,True
12.97197,-0.2173967,0.01168322,True
12.98312,-0.2199647,0.01627784,True
12.99434,-0.2355967,0.01253721,True
13.00556,-0.2714746,0.0006284192,True
13.01684,-0.2690086,0.02609362,True
13.02833,-0.2649317,0.02461786,True
13.03926,-0.2624674,0.0246127,True
13.05024,-0.2625916,0.02880434,True
13.06124,-0.2751837,0.06326136,True
13.07248,-0.2862258,0.07870144,True
13.08388,-0.2886062,0.09791999,True
13.0946,-0.284843,0.1082356,True
13.1059,-0.2912986,0.1158453,True
13.11668,-0.2861803,0.144092,True
13.12874,-0.3789473,0.1458065,True
13.13861,-0.3495326,0.1520031,True
13.14986,-0.3315492,0.1743764,True
13.16097,-0.3620532,0.1701394,True
13.17191,-0.4019809,0.1705243,True
13.18335,-0.3845549,0.1623912,True
13.19421,-0.3791158,0.1436511,True
13.20547,-0.4186831,0.1009353,True
13.21658,-0.4327683,0.07478622,True
13.22758,-0.3036788,-0.04715717,True
13.23875,-0.4494672,-0.0233488,True
13.24973,-0.3379788,0.0005278103,True
13.26155,-0.50107,0.04498467,False
13.27187,-0.4113452,-0.0741671,True
13.28355,-0.5590646,0.01370267,False
13.2945,-0.4458923,-0.09680198,True
13.30566,-0.5447307,-0.03453297,False
13.31672,-0.6223404,0.01895253,False
13.32788,-0.5949547,-0.0195047,False
13.33891,-0.5821581,-0.01827654,False
13.35015,-0.533644,-0.04834229,False
13.36144,-0.6242633,-0.05998615,False
13.37223,-0.6242638,-0.05998625,False
13.38301,-0.6220257,-0.06321686,False
13.39491,-0.6242642,-0.05820101,False
13.40586,-0.6083283,-0.06176007,False
13.41687,-0.6272931,-0.05708885,False
13.42743,-0.635603,-0.03512606,False
13.43861,-0.6299796,-0.02798717,False
13.44953,-0.5889001,0.03254369,False
13.46053,-0.593497,0.03499635,False
13.4717,-0.5804791,0.02897207,False
13.48295,-0.5744259,0.008802369,False
13.49377,-0.6435695,-0.01828894,False
13.50497,-0.5933745,-0.00635381,False
13.51604,-0.4999642,-0.05946185,False
13.52707,-0.5497653,-0.1473027,False
13.53827,-0.5528862,-0.1372744,False
13.54931,-0.5514286,-0.1381646,False
13.56081,-0.554558,-0.1260215,False
13.57175,-0.5474873,-0.1238916,False
13.58278,-0.5478213,-0.1211074,False
13.59366,-0.5516346,-0.1227847,False
13.60497,-0.5544543,-0.1346038,False
13.61613,-0.557591,-0.1371693,False
13.62717,-0.5655632,-0.1420883,False
13.63815,-0.564559,-0.1450975,False
13.64923,-0.5678535,-0.1708579,False
13.66037,-0.570545,-0.171421,False
13.67167,-0.5682044,-0.1810074,False
13.6826,-0.5711203,-0.1810114,False
13.69366,-0.585495,-0.1858377,False
13.70497,-0.5795412,-0.1819235,False
13.71589,-0.5791883,-0.1748953,False
13.72728,-0.5742671,-0.183919,False
13.73822,-0.5830729,-0.1524838,False
13.74926,-0.5826445,-0.1621881,False
13.76052,-0.5900733,-0.1756971,False
13.77162,-0.6047976,-0.2327531,False
13.78256,-0.5938041,-0.2379696,False
13.79358,-0.5798614,-0.2254355,False
13.80483,-0.6083579,-0.2211508,False
13.81592,-0.6108577,-0.2319874,False
13.82689,-0.6651654,-0.1908135,False
13.83814,-0.6632888,-0.2469898,False
13.84915,-0.7123871,-0.242339,False
13.86029,-0.7200925,-0.2536584,False
13.87135,-0.6470151,-0.2926472,False
13.88309,-0.6497591,-0.1930084,False
13.89356,-0.6574147,-0.2381474,False
13.90473,-0.5578737,-0.2250452,False
13.9162,-0.5822527,-0.1947526,False
13.92719,-0.5624352,-0.207208,False
13.93818,-0.5529432,-0.2271517,False
13.94926,-0.5605657,-0.2239377,False
13.96026,-0.5703499,-0.2370154,False
13.97185,-0.5928106,-0.2425452,False
13.98236,-0.5904422,-0.238407,False
13.99361,-0.5876276,-0.2367238,False
14.00524,-0.5669377,-0.2610036,False
14.01585,-0.5552919,-0.2675582,False
14.0269,-0.542747,-0.269869,False
14.03817,-0.5355022,-0.2851418,False
14.04906,-0.5303748,-0.2959535,False
14.06015,-0.5248082,-0.3065487,False
14.07136,-0.5166223,-0.3400307,False
14.08245,-0.510921,-0.3435894,False
14.09352,-0.4899864,-0.410592,False
14.10465,-0.5693243,-0.4213293,False
14.11583,-0.5440075,-0.4333104,False
14.12683,-0.5282226,-0.4154402,False
14.13793,-0.5927253,-0.3797865,False
14.14904,-0.5591679,-0.3552666,False
14.16012,-0.6248548,-0.3764533,False
14.17124,-0.6072626,-0.3638436,False
14.18246,-0.6012902,-0.3589011,False
14.19357,-0.5955355,-0.3523899,False
14.2048,-0.5802526,-0.3498715,False
14.21573,-0.5763216,-0.3508589,False
14.22678,-0.5736451,-0.3555426,False
14.23784,-0.5799763,-0.3940533,False
14.24913,-0.5668054,-0.3861671,False
14.26003,-0.5716388,-0.3874171,False
14.27134,-0.5646002,-0.3954439,False
14.28235,-0.5624726,-0.4460506,False
14.29403,-0.5689104,-0.4302858,False
14.30466,-0.5872283,-0.4551327,False
14.31573,-0.554554,-0.4800872,False
14.32667,-0.5772057,-0.5353084,False
14.33793,-0.2257893,-0.1354742,True
14.34952,-0.05257583,0.09685677,True
14.36003,0.1999276,0.1954152,True
14.37112,0.5898488,0.3349202,False
14.38234,0.7093129,0.2958992,False
14.39367,0.7775288,0.3237357,False
14.40459,0.7306845,0.4005044,False
14.41562,0.7295673,0.461207,False
14.42667,0.8139589,0.5433853,False
14.43787,0.7187235,0.3820515,False
14.4489,0.7243795,0.3614628,False
14.45996,0.7134955,0.3508804,False
14.47124,0.714504,0.3238996,False
14.48217,0.7247918,0.376593,False
14.49335,0.7355375,0.4014249,False
14.505,0.7921076,0.53431,False
14.51555,0.8031349,0.5649408,False
14.52664,0.8068957,0.5805342,False
14.53773,0.8080046,0.5900249,False
14.54912,0.7924862,0.5808576,False
14.55999,0.776643,0.5702391,False
14.57105,0.7683849,0.5575517,False
14.58221,0.7714095,0.5535197,False
14.59313,0.7774355,0.5418519,False
14.6045,0.7684567,0.5377278,False
14.61548,0.7721889,0.5379767,False
14.62679,0.7685156,0.544938,False
14.6376,0.7671719,0.5475144,False
14.64889,0.7629688,0.5463523,False
14.66011,0.7626078,0.5711426,False
14.671,0.7444174,0.483669,False
14.68205,0.7336941,0.4523631,False
14.69319,0.7385147,0.4271359,False
14.70452,0.7442865,0.428629,False
14.71539,0.7798638,0.6149445,False
14.72651,0.8022418,0.6986196,False
14.73771,0.8075798,0.6652766,False
14.74881,0.8120177,0.6188561,False
14.75981,0.8111572,0.6125163,False
14.77112,0.8022363,0.5930157,False
14.78209,0.7826338,0.554956,False
14.79304,0.7691569,0.494745,False
14.80431,0.7500014,0.4739254,False
14.8155,0.7511098,0.4704483,False
14.82655,0.7558901,0.4746408,False
14.83761,0.7691269,0.4742796,False
14.84912,0.7669408,0.4696548,False
14.85986,0.7584646,0.4705001,False
14.87099,0.7463062,0.4625503,False
14.8821,0.7375429,0.4527262,False
14.89311,0.7403176,0.4621816,False
14.90433,0.7432499,0.4615242,False
14.91553,0.7024069,0.4514984,False
14.92649,0.6860402,0.4682405,False
14.93759,0.7056649,0.5808322,False
14.94864,0.6677916,0.604772,False
14.9598,0.6320558,0.6076646,False
14.9713,0.6352432,0.6275216,False
14.98199,0.6296618,0.6202626,False
14.99305,0.6271675,0.6018841,False
15.00433,0.6778522,0.4361032,False
15.01526,0.6820405,0.4388195,False
15.02637,0.6857495,0.4374913,False
15.03748,0.6492689,0.5711868,False
15.04888,0.6554496,0.5994935,False
15.05962,0.6586542,0.6059376,False
15.07083,0.6613209,0.585116,False
15.08202,0.6618087,0.5734169,False
15.09294,0.6367249,0.5660396,False
15.10423,0.6334133,0.5256456,False
15.11526,0.6298075,0.5238297,False
15.12663,0.6273756,0.4748596,False
15.13819,0.6327615,0.4068395,False
15.14865,0.6306362,0.3854376,False
15.1602,0.6440775,0.4196669,False
15.17085,0.5356283,0.4903059,False
15.18201,0.5860465,0.3374809,False
15.19302,0.5789499,0.3626121,False
15.20428,0.5646763,0.3567442,False
15.21516,0.5595191,0.3587351,False
15.22637,0.5574863,0.3540341,False
15.23744,0.5679567,0.3910986,False
15.24848,0.562644,0.3819011,False
15.25961,0.5578198,0.3841158,False
15.27102,0.5486908,0.3737879,False
15.28198,0.5509391,0.3743552,False
15.29317,0.5462036,0.368188,False
15.30416,0.5419149,0.3602371,False
15.31519,0.5176589,0.3484129,False
15.32631,0.5291867,0.2700554,False
15.33749,0.3941209,0.1930745,True
15.34854,0.1164868,0.0163883,True
15.35957,-0.07450986,-0.223425,True
15.37079,-0.09089804,-0.1885719,True
15.38183,-0.08773112,-0.2422581,True
15.39294,-0.06748915,-0.2399268,True
15.40407,-0.06895542,-0.239826,True
15.41521,-0.1115584,-0.278108,True
15.42619,-0.124227,-0.3031263,True
15.43829,-0.09962797,-0.2693851,True
15.44852,-0.1000922,-0.2620856,True
15.45948,-0.1096222,-0.2549142,True
15.47061,-0.09792376,-0.2782233,True
15.48207,-0.1076438,-0.2780457,True
15.49286,-0.1229601,-0.3104669,True
15.5041,-0.1081917,-0.302749,True
15.51505,-0.1049218,-0.3198369,True
15.52617,-0.101511,-0.3190061,True
15.53732,-0.1097605,-0.3391343,True
15.54831,-0.1117115,-0.3414952,True
15.55953,-0.1039312,-0.3332785,True
15.57093,-0.1002126,-0.3171119,True
15.58172,-0.1095645,-0.3250997,True
15.59303,-0.1152303,-0.3124206,True
15.60397,-0.1096075,-0.3052988,True
15.61509,-0.1048448,-0.2982022,True
15.62617,-0.1002612,-0.2959405,True
15.63732,-0.09697342,-0.2954492,True
15.64833,-0.09436846,-0.2898355,True
15.6594,-0.09500742,-0.2902814,True
15.67052,-0.087291,-0.2896402,True
15.6817,-0.08744597,-0.3038518,True
15.69281,-0.08890724,-0.2929229,True
15.70383,-0.09222436,-0.2875059,True
15.71506,-0.07949138,-0.2785904,True
15.72608,-0.07419777,-0.2740182,True
15.73717,-0.08383441,-0.2546459,True
15.74845,-0.08415484,-0.2552935,True
15.75937,-0.0847187,-0.2607608,True
15.77062,-0.07569575,-0.2618966,True
15.78218,-0.06560016,-0.2583163,True
15.79262,-0.05037665,-0.2546074,True
15.80393,-0.05201864,-0.2464857,True
15.81488,-0.05484271,-0.2457507,True
15.82605,-0.03956366,-0.2490019,True
15.83722,-0.1091344,-0.3950241,True
15.84827,-0.1969137,-0.6938859,False
15.85927,-0.1935713,-0.6030153,False
15.97041,-1.873931,-1.396407,False
15.98174,-1.866633,-1.348855,False
15.99259,-1.933759,-1.392694,False
16.00374,-1.869439,-1.353545,False
16.01499,-1.812265,-1.504268,False
16.02595,-2.019009,-1.33477,False
16.03711,-1.962848,-1.319857,False
16.04809,-1.936876,-1.309062,False
16.05936,-1.934342,-1.20726,False
16.07033,-1.906197,-1.24934,False
16.08155,-1.926011,-1.204646,False
16.09254,-1.908654,-1.237601,False
16.10368,-2.065869,-1.363989,False
16.11498,-2.103965,-1.298469,False
16.12579,-2.11312,-1.288875,False
16.13704,-2.164771,-1.25282,False
16.14811,-2.15451,-1.26452,False
16.15913,-2.124837,-1.21689,False
16.17036,-2.005559,-1.287753,False
16.18137,-2.133139,-1.275213,False
16.19287,-2.166752,-1.294949,False
16.20376,-2.210499,-1.259345,False
16.21504,-2.102169,-1.222256,False
16.226,-1.940032,-1.119714,False
16.23689,-0.9713652,-0.7964154,False
16.24801,-0.6705823,-0.8064962,False
16.25917,-0.3259163,-0.8556027,False
16.27039,-0.3780401,-0.8057669,False
16.28169,-0.3725171,-0.8600623,False
16.29277,-0.3444481,-0.8592186,False
16.30363,-0.3626001,-0.853759,False
16.31474,-0.3468957,-0.8351713,False
16.3258,-0.3383546,-0.8097479,False
16.337,-0.3426697,-0.8208637,False
16.34802,-0.3463042,-0.8294971,False
16.35902,-0.3397753,-0.8248186,False
16.37045,-0.3324089,-0.8090389,False
16.38132,-0.3339138,-0.7970337,False
16.39236,-0.3367965,-0.7902586,False
16.40359,-0.3210726,-0.7829449,False
16.41473,-0.3176637,-0.7726379,False
16.42598,-0.3007481,-0.7724423,False
16.43694,-0.2899659,-0.7640392,False
16.44805,-0.2820523,-0.8003021,False
16.45908,-0.2362211,-0.821291,False
16.47018,-0.2870941,-0.7738611,False
16.48131,-0.1604142,-1.151707,False
16.68135,-0.3784726,-3.987854,False
16.69234,-0.2711594,-4.297379,False
16.70347,-0.4336326,-3.736784,False
16.71455,-0.3582752,-4.140193,False
16.72565,-0.4039471,-4.136301,False
16.73676,-0.4892642,-4.277689,False
16.7478,-0.5182254,-4.309285,False
16.75897,-0.5197787,-4.288434,False
16.77013,-0.3636696,-3.960636,False
16.78111,-0.4880388,-3.812982,False
16.79218,-0.4184248,-4.000112,False
16.80339,-0.3228269,-4.007307,False
16.81464,-0.3229887,-3.995454,False
16.82552,-0.3078418,-4.064589,False
16.83687,-0.2863128,-4.004332,False
16.84785,-0.2587111,-4.026608,False
16.85884,-0.2587328,-4.053348,False
16.87004,-0.251354,-4.062404,False
16.88115,-0.243988,-4.099602,False
16.89218,-0.2399688,-4.14046,False
16.90327,-0.2803435,-4.136515,False
16.91457,-0.2236013,-4.121747,False
16.92556,-0.2315679,-4.143542,False
16.93687,-0.2067199,-4.172808,False
16.94765,-0.2151091,-4.197784,False
16.9591,-0.2324798,-4.200672,False
16.96995,-0.2528489,-4.205896,False
16.98104,-0.2657712,-4.194506,False
16.99229,-0.2542322,-4.195606,False
17.00334,-0.2426703,-4.159325,False
17.0146,-0.2238181,-4.186666,False
17.02543,-0.2151091,-4.197657,False
17.03654,-0.2124064,-4.197051,False
17.04776,-0.2199254,-4.202841,False
17.05875,-0.2111802,-4.170832,False
17.06998,-0.2062917,-4.158868,False
17.08098,-0.1859088,-4.156657,False
17.0922,-0.1934364,-4.143088,False
17.10319,-0.1868176,-4.157845,False
17.11481,-0.1909499,-4.149604,False
17.12535,-0.1889131,-4.127739,False
17.13647,-0.1835001,-4.087985,False
17.14793,-0.1854749,-4.070274,False
17.15917,-0.1866889,-4.076481,False
17.17009,-0.1841562,-4.030349,False
17.18114,-0.1984248,-4.033678,False
17.19216,-0.1932094,-3.98797,False
17.20321,-0.2066014,-3.952369,False
17.21426,-0.1965954,-3.951268,False
17.22539,-0.1972475,-3.930698,False
17.23653,-0.1906567,-3.847687,False
17.24752,-0.1647668,-3.835473,False
17.25887,-0.09626031,-3.780075,False
17.26989,-0.1358407,-3.765774,False
17.28151,-0.1474288,-3.744826,False
17.29208,-0.1707721,-3.702139,False
17.30337,-0.1743419,-3.59366,False
17.31448,-0.1359076,-3.542147,False
17.32564,-0.2065611,-3.425334,False
17.33647,-0.174634,-3.413886,False
17.34757,-0.1746798,-3.405641,False
17.3586,-0.1712406,-3.418923,False
17.36986,-0.1664896,-3.423234,False
17.3809,-0.1754487,-3.409217,False
17.39194,-0.1879115,-3.290946,False
17.4033,-0.1247489,-3.313176,False
17.41441,-0.1117678,-3.285257,False
17.42528,-0.1060312,-3.328627,False
17.43663,-0.04664326,-3.520555,False
17.44745,0.03360868,-3.545419,False
