Central
0.0265131,0.1360222,0.06827105,True
0.03216887,0.1360173,0.06826815,True
0.0410037,0.1372699,0.06369782,True
0.05240393,0.1341289,0.06316832,True
0.06462049,0.1350836,0.06889223,True
0.07535124,0.1236932,0.07030971,True
0.08550358,0.1178529,0.07538369,True
0.09663439,0.1154489,0.07319282,True
0.1076474,0.1115875,0.0747377,True
0.1189156,0.1082757,0.08927755,True
0.1298118,0.10348,0.08988154,True
0.1409926,0.1093087,0.08262933,True
0.1520429,0.1134999,0.09127735,True
0.1632895,0.119136,0.09015681,True
0.1744928,0.1212284,0.09120675,True
0.1854663,0.1259252,0.08820888,True
0.1965108,0.1292704,0.08801571,True
0.2077084,0.1302314,0.09697179,True
0.2187004,0.1323594,0.1025178,True
0.2298203,0.1331913,0.1016857,True
0.2409139,0.1318728,0.1082634,True
0.2520223,0.1230778,0.1072753,True
0.2631483,0.1240594,0.1140761,True
0.2743821,0.120236,0.1225243,True
0.2854762,0.1168493,0.1153941,True
0.2965093,0.1219922,0.1185599,True
0.3076887,0.1175087,0.1208358,True
0.3186998,0.1090568,0.1236105,True
0.3297911,0.1091277,0.1370079,True
0.3409314,0.106124,0.1420173,True
0.3520064,0.1036173,0.1427315,True
0.3632932,0.1036472,0.1480788,True
0.3743224,0.0951122,0.1551533,True
0.3855491,0.09211171,0.1601792,True
0.3968344,0.09388089,0.1594498,True
0.4081259,0.09493399,0.1620738,True
0.4192667,0.09120214,0.166577,True
0.4308109,0.09300667,0.1736171,True
0.4422336,0.09519184,0.172574,True
0.4533739,0.09969151,0.172819,True
0.4649191,0.1135782,0.1651549,True
0.4759245,0.1461937,0.1627834,True
0.487236,0.1436588,0.1611851,True
0.4986119,0.1371543,0.1620812,True
0.5097923,0.1356754,0.1605991,True
0.521143,0.1439608,0.1590852,True
0.5322385,0.1464921,0.1604727,True
0.5436115,0.1499535,0.1596568,True
0.5544105,0.1511402,0.163664,True
0.5654254,0.1520239,0.1553617,True
0.576612,0.1192728,0.1537505,True
0.5876842,0.05483937,0.1301415,True
0.5987434,0.04703492,0.1266747,True
0.6098819,0.04694659,0.1324214,True
0.6213522,0.04559517,0.1327322,True
0.6321726,0.04664177,0.1354537,True
0.6432934,0.05620795,0.1365213,True
0.6543837,0.05693519,0.1356863,True
0.6654425,0.1209792,0.1586997,True
0.6767044,0.1485304,0.166274,True
0.6875696,0.1591728,0.1683618,True
0.698781,0.1590615,0.1676242,True
0.7099028,0.1641032,0.1661909,True
0.7209234,0.1609366,0.1653228,True
0.7324629,0.14289,0.1562384,True
0.7431326,0.08605707,0.1333464,True
0.754487,0.0795002,0.1330171,True
0.7654133,0.08459872,0.1328206,True
0.7764654,0.1660327,0.1577838,True
0.787776,0.1660361,0.1448507,True
0.7987032,0.1597413,0.1469062,True
0.8098869,0.1492849,0.1544999,True
0.8209887,0.1492846,0.1543944,True
0.8322277,0.1433426,0.160973,True
0.8432598,0.05202323,0.1257466,True
0.8543072,0.05274892,0.1248059,True
0.8653316,0.05233562,0.1262692,True
0.8763905,0.04942286,0.1250086,True
0.8876324,0.04213619,0.1185214,True
0.8987017,0.04152793,0.1261418,True
0.9097252,0.04122156,0.1279164,True
0.9209146,0.03997409,0.1271826,True
0.9320917,0.03633559,0.1266538,True
0.9430981,0.05391335,0.1333791,True
0.9540806,0.06026214,0.1357977,True
0.96527,0.06473947,0.1368546,True
0.9764366,0.07713509,0.1404417,True
0.9876461,0.07943392,0.1431675,True
0.9987059,0.08328176,0.1420269,True
1.009971,0.08276141,0.1417117,True
1.021014,0.08152765,0.1458953,True
1.031881,0.08121127,0.1446386,True
1.043033,0.07914859,0.1499753,True
1.054132,0.07810354,0.1493453,True
1.065201,0.08259392,0.1518709,True
1.076356,0.0770911,0.1572007,True
1.087564,0.0781613,0.1641262,True
1.098646,0.07607895,0.1645404,True
1.109677,0.08169484,0.1617235,True
1.120852,0.08357853,0.1634056,True
1.131913,0.08784246,0.1616341,True
1.143635,0.08284318,0.161936,True
1.155254,0.08367407,0.1614142,True
1.166191,0.07690036,0.1614992,True
1.176308,0.0682435,0.1583295,True
1.18739,0.06657273,0.1565442,True
1.198862,0.06573826,0.1564375,True
1.209627,0.07971722,0.1624529,True
1.221159,0.0816952,0.1618284,True
1.231812,0.08461857,0.1637233,True
1.24292,0.08837056,0.1625814,True
1.254097,0.09077573,0.1645805,True
1.265011,0.09327179,0.163223,True
1.276271,0.1657745,0.1882609,True
1.28744,0.1634708,0.1893009,True
1.298702,0.1678627,0.1942342,True
1.309556,0.1631698,0.1905722,True
1.321103,0.1627403,0.2056769,True
1.331721,0.1610999,0.2014016,True
1.342896,0.1164223,0.1681199,True
1.354094,0.1162151,0.1683283,True
1.365333,0.1086696,0.1680582,True
1.376338,0.1078122,0.1643744,True
1.38734,0.1105368,0.1648145,True
1.398512,0.1272916,0.1787292,True
1.409505,0.1435403,0.1967528,True
1.420615,0.1472273,0.1967913,True
1.432024,0.1450567,0.2002755,True
1.442836,0.1430929,0.1845586,True
1.454331,0.1356164,0.1828052,True
1.465279,0.1240029,0.1731231,True
1.476164,0.1106943,0.1552612,True
1.487366,0.1102679,0.1541045,True
1.498599,0.1097844,0.1612374,True
1.509508,0.1073872,0.1632139,True
1.520694,0.1091614,0.1622824,True
1.531808,0.1106318,0.1628207,True
1.542813,0.1170692,0.1710693,True
1.553848,0.1165613,0.1560395,True
1.565041,0.1192266,0.1638316,True
1.576034,0.1310927,0.1660297,True
1.587192,0.1297077,0.1627589,True
1.598481,0.126471,0.1653616,True
1.609685,0.1314347,0.1700297,True
1.620532,0.1336392,0.1701513,True
1.631607,0.1318656,0.1717155,True
1.642756,0.1299486,0.1673872,True
1.654039,0.1301547,0.1668632,True
1.665081,0.129943,0.1667568,True
1.676162,0.1283692,0.1666395,True
1.68714,0.1287925,0.1671684,True
1.698278,0.127235,0.1699947,True
1.709482,0.1212518,0.1692105,True
1.720574,0.1146853,0.1757801,True
1.731567,0.1193037,0.1763449,True
1.742846,0.1214494,0.1839451,True
1.753734,0.1311345,0.1884543,True
1.765219,0.1343871,0.1875373,True
1.775972,0.1592407,0.2202515,True
1.78715,0.1583689,0.2183194,True
1.798561,0.1562828,0.2123224,True
1.809403,0.1491944,0.2109654,True
1.820463,0.1500236,0.2096965,True
1.831654,0.1486315,0.2081889,True
1.842788,0.1386981,0.1968097,True
1.853767,0.1381785,0.1974419,True
1.864841,0.1380795,0.1979714,True
1.876046,0.1335685,0.1898568,True
1.887524,0.1328972,0.1845728,True
1.898489,0.1526658,0.2018439,True
1.909492,0.1326203,0.2087616,True
1.920634,0.1323596,0.2135523,True
1.931404,0.1333161,0.2144139,True
1.942811,0.1315619,0.2081127,True
1.953798,0.1368279,0.2081696,True
1.964826,0.1350814,0.2120907,True
1.976107,0.1341287,0.1929398,True
1.987071,0.121849,0.2049241,True
1.9986,0.1302793,0.216085,True
2.009344,0.1349754,0.2399562,True
2.020406,0.1353222,0.2425308,True
2.0315,0.1344736,0.2419857,True
2.042565,0.1301476,0.2327322,True
2.053748,0.121488,0.210771,True
2.064795,0.1147485,0.1990073,True
2.076163,0.1172723,0.1991407,True
2.087004,0.1181329,0.2011688,True
2.098369,0.1210784,0.2016219,True
2.109176,0.1205553,0.201829,True
2.120386,0.1246821,0.2043181,True
2.131401,0.1232016,0.2036632,True
2.142512,0.126556,0.2026345,True
2.153584,0.1284893,0.2061658,True
2.164751,0.1297576,0.2067093,True
2.175969,0.1284505,0.2026563,True
2.187006,0.1317401,0.1956761,True
2.198363,0.1364924,0.1973192,True
2.209079,0.1386636,0.1938346,True
2.220243,0.133959,0.196549,True
2.231607,0.1372707,0.1918029,True
2.243542,0.1327506,0.1918668,True
2.254708,0.1315845,0.1910046,True
2.264765,0.1278296,0.1938327,True
2.275735,0.1241992,0.1875498,True
2.286946,0.126613,0.1876756,True
2.298098,0.1277219,0.1803137,True
2.309261,0.1403188,0.1788433,True
2.320227,0.1343343,0.1795286,True
2.331252,0.1313778,0.1771868,True
2.342484,0.131092,0.1815015,True
2.353569,0.125907,0.1907373,True
2.36469,0.1257097,0.1921131,True
2.375766,0.1244344,0.1906175,True
2.386966,0.1247089,0.1853403,True
2.397977,0.1257629,0.185773,True
2.409101,0.1257956,0.1903119,True
2.420121,0.1265385,0.1909551,True
2.431252,0.1270372,0.1983898,True
2.442329,0.1288645,0.192252,True
2.453516,0.1291814,0.1924668,True
2.464756,0.1297727,0.1886533,True
2.47578,0.1344967,0.187959,True
2.486881,0.1278144,0.178523,True
2.498165,0.1261324,0.1778776,True
2.509044,0.1213094,0.1786778,True
2.520057,0.1209736,0.175307,True
2.531276,0.1222349,0.1754251,True
2.542665,0.1227397,0.1723772,True
2.553338,0.1252286,0.1678745,True
2.564571,0.1388946,0.1706154,True
2.575716,0.1421213,0.180966,True
2.586799,0.13921,0.1856816,True
2.59789,0.1374348,0.1874577,True
2.609051,0.1329633,0.1919745,True
2.62007,0.1344506,0.1935795,True
2.631331,0.1340609,0.1962314,True
2.642249,0.1379598,0.1966964,True
2.653403,0.1380165,0.192343,True
2.66457,0.1344346,0.191989,True
2.675723,0.1328935,0.183941,True
2.686731,0.1325779,0.1839382,True
2.698038,0.1287636,0.1926747,True
2.708855,0.1169192,0.181061,True
2.720055,0.1179974,0.1685522,True
2.731071,0.1305558,0.1642366,True
2.742221,0.1158632,0.1621248,True
2.753339,0.1156605,0.1630706,True
2.764445,0.1186932,0.1619377,True
2.775595,0.1070422,0.157438,True
2.786678,0.1070476,0.1583821,True
2.797754,0.1068248,0.1557585,True
2.809044,0.1072101,0.1496756,True
2.819895,0.106229,0.1421226,True
2.831183,0.1069629,0.1425465,True
2.842301,0.1051106,0.1481939,True
2.853863,0.1094058,0.1492731,True
2.864386,0.1097003,0.145919,True
2.875674,0.107506,0.1465331,True
2.886656,0.1066731,0.1469466,True
2.897718,0.106361,0.147364,True
2.908846,0.1066762,0.1476804,True
2.919937,0.1082463,0.1480051,True
2.931194,0.1050112,0.1495558,True
2.942215,0.1083685,0.1511531,True
2.953238,0.1154763,0.149212,True
2.964395,0.1218555,0.1478918,True
2.975609,0.1211082,0.1455799,True
2.986655,0.1215329,0.1465264,True
2.99772,0.1203629,0.1435809,True
3.009121,0.1236231,0.1459116,True
3.019843,0.1218528,0.1475773,True
3.03109,0.120386,0.1473575,True
3.042328,0.1189227,0.1475572,True
3.053173,0.1138467,0.1573844,True
3.064323,0.1187471,0.1536418,True
3.075438,0.09923923,0.1452168,True
3.086513,0.09452802,0.1415302,True
3.097637,0.0951823,0.1479202,True
3.10878,0.09087926,0.1646856,True
3.120228,0.0871352,0.1668787,True
3.130893,0.08548224,0.1701291,True
3.142157,0.09089959,0.1691984,True
3.153204,0.09267092,0.1687864,True
3.164476,0.09298915,0.1698362,True
3.175498,0.09098452,0.1647909,True
3.186471,0.09181547,0.1639535,True
3.197619,0.09264767,0.1636408,True
3.208656,0.08960557,0.1593322,True
3.219779,0.08928889,0.158493,True
3.230998,0.08764035,0.1625797,True
3.242122,0.08648437,0.1606874,True
3.253038,0.08587939,0.1656166,True
3.264231,0.08137453,0.1596243,True
3.275504,0.07554811,0.1620205,True
3.286347,0.07874972,0.1546902,True
3.297602,0.07021075,0.155191,True
3.308732,0.06966984,0.1485901,True
3.320151,0.06947911,0.153828,True
3.332002,0.07468772,0.1546778,True
3.343034,0.07422227,0.169992,True
3.353089,0.07547432,0.1702051,True
3.364139,0.08026874,0.1704273,True
3.375267,0.08357972,0.1638251,True
3.386444,0.08951718,0.1628992,True
3.397605,0.08253193,0.1624596,True
3.408685,0.07805598,0.1636015,True
3.419673,0.08399016,0.1621491,True
3.430817,0.08950186,0.1595414,True
3.442319,0.08949518,0.1575499,True
3.452981,0.09040928,0.1525204,True
3.464375,0.09496623,0.1461393,True
3.475698,0.09615195,0.1325327,True
3.486309,0.09269857,0.1288642,True
3.49753,0.09186703,0.1287577,True
3.508793,0.09269202,0.1270873,True
3.519609,0.09393561,0.1260445,True
3.530771,0.09727103,0.126994,True
3.541988,0.1040764,0.1303801,True
3.553021,0.1049953,0.1262015,True
3.564066,0.1060358,0.1253711,True
3.57527,0.104599,0.1302785,True
3.586265,0.09846103,0.1357858,True
3.59731,0.09749651,0.1307577,True
3.608618,0.09148824,0.1372316,True
3.619572,0.08729172,0.1297942,True
3.630955,0.09675896,0.1285608,True
3.64187,0.1147679,0.13516,True
3.653004,0.1132957,0.1342069,True
3.664044,0.1126706,0.1344122,True
3.67523,0.1052575,0.1365625,True
3.686241,0.105058,0.1383433,True
3.69729,0.1064894,0.1322796,True
3.708566,0.1070048,0.1306082,True
3.719625,0.1057839,0.1371962,True
3.730685,0.1058897,0.1374066,True
3.746211,0.1051311,0.1321666,True
3.753027,0.1045238,0.135828,True
3.764021,0.09285539,0.1403736,True
3.775086,0.08721316,0.1358608,True
3.786392,0.08940411,0.1369113,True
3.797337,0.08786982,0.1435022,True
3.808632,0.08859617,0.1427711,True
3.819586,0.08663267,0.1462234,True
3.830994,0.08611071,0.1460129,True
3.841784,0.08062917,0.1558472,True
3.852837,0.08031547,0.1557413,True
3.86406,0.08000165,0.1551118,True
3.875104,0.08437586,0.1551226,True
3.886157,0.08323753,0.1564843,True
3.897232,0.0836609,0.158372,True
3.908577,0.09137243,0.1581835,True
3.919378,0.08802742,0.155972,True
3.93059,0.08235598,0.1446415,True
3.941956,0.08137953,0.1349055,True
3.952733,0.08014107,0.137517,True
3.963883,0.07993633,0.1381467,True
3.975138,0.09336007,0.1363986,True
3.986178,0.1097616,0.1381638,True
3.997092,0.1186242,0.1326706,True
4.008535,0.1271008,0.1320949,True
4.019365,0.1180232,0.1369622,True
4.030486,0.1036773,0.1338318,True
4.041723,0.07198012,0.1247424,True
4.052854,0.0643605,0.1154328,True
4.063834,0.06372523,0.1116737,True
4.075019,0.0653801,0.1090692,True
4.086051,0.0680837,0.1096992,True
4.097344,0.06818736,0.1098041,True
4.108521,0.06901485,0.1089712,True
4.119444,0.06621802,0.1113653,True
4.130437,0.06798232,0.1108469,True
4.14171,0.06278193,0.1086477,True
4.152613,0.0587272,0.1078053,True
4.163798,0.06057203,0.09884318,True
4.17504,0.05424386,0.1005003,True
4.186186,0.05123127,0.1001816,True
4.197176,0.04790944,0.09892731,True
4.208406,0.0488432,0.09944854,True
4.219442,0.05257517,0.09228766,True
4.230375,0.04552257,0.09850824,True
4.241622,0.04697263,0.09612196,True
4.252916,0.0512234,0.09155744,True
4.263988,0.05413079,0.09260131,True
4.274921,0.05012357,0.1137342,True
4.28605,0.04420286,0.1129944,True
4.297017,0.04669458,0.11352,True
4.308291,0.04370594,0.124476,True
4.319252,0.04847538,0.1202028,True
4.330408,0.04452848,0.119778,True
4.341703,0.04380357,0.1215506,True
4.352533,0.04649413,0.1159207,True
4.363704,0.04618293,0.1161288,True
4.374846,0.04783356,0.1119578,True
4.385953,0.04212731,0.1141381,True
4.397045,0.04305065,0.1082986,True
4.408513,0.03204852,0.1084887,True
4.419265,0.02769482,0.1108784,True
4.430339,0.02665687,0.1112939,True
4.441522,0.01700956,0.112945,True
4.452537,0.008296132,0.1123053,True
4.463764,0.008920074,0.115121,True
4.475065,0.02023339,0.1209837,True
4.486007,0.01224351,0.1209692,True
4.497011,0.01732588,0.1191,True
4.50815,-0.04938853,0.1113358,True
4.519225,-0.05675793,0.1095751,True
4.53025,-0.05879998,0.1329742,True
4.541519,-0.04305208,0.1097589,True
4.552419,-0.03703451,0.1107912,True
4.563913,-0.0221138,0.1328944,True
4.575871,0.02605617,0.1285132,True
4.58678,0.0206458,0.1176461,True
4.596913,0.001868665,0.1205334,True
4.608159,-0.0216949,0.1291335,True
4.61916,-0.02543974,0.1343664,True
4.630203,-0.02481639,0.1345737,True
4.641577,-0.001763701,0.1341063,True
4.652473,0.01266086,0.1265026,True
4.663505,0.03123194,0.1173521,True
4.674831,0.00155735,0.1211583,True
4.685798,-0.01753509,0.1221276,True
4.696966,-0.03321874,0.1263373,True
4.708035,-0.03873289,0.1311546,True
4.71919,-0.02190065,0.1279836,True
4.730162,-0.03643942,0.1269697,True
4.741478,0.002281666,0.1163606,True
4.752334,0.03464663,0.1100564,True
4.76351,0.01867205,0.1141991,True
4.774711,-0.04354501,0.1463314,True
4.785705,-0.05594242,0.1528535,True
4.796807,-0.05668211,0.1567323,True
4.80809,-0.04960823,0.1589155,True
4.818977,-0.03024733,0.1538386,True
4.830173,-0.0006227493,0.1401654,True
4.841336,0.02409494,0.1392749,True
4.852438,0.01651347,0.1402002,True
4.86345,0.02742094,0.1397,True
4.874877,0.01807564,0.1454335,True
4.88566,-0.01818275,0.1499357,True
4.896751,-0.04628289,0.1611077,True
4.90805,-0.07523549,0.1623366,True
4.919077,-0.07815778,0.1632896,True
4.930025,-0.0747143,0.1619163,True
4.941304,-0.04344904,0.1504149,True
4.952296,-0.0170331,0.1425026,True
4.963476,-0.009655178,0.1380946,True
4.974662,-0.0537467,0.1491822,True
4.985779,-0.06802368,0.1545609,True
4.996823,-0.07885277,0.1541685,True
5.008083,-0.05821776,0.1481452,True
5.019198,-0.0370903,0.1422349,True
5.030227,-0.004151583,0.1309783,True
5.04141,0.0145219,0.1145048,True
5.052214,0.01534218,0.1026236,True
5.063413,0.01710474,0.101689,True
5.074593,-0.009537816,0.1094918,True
5.085579,-0.03029907,0.1184996,True
5.096609,-0.03695059,0.1217493,True
5.107833,-0.02117193,0.1269381,True
5.119131,-0.01815939,0.123905,True
5.129984,-0.006847262,0.1241946,True
5.141226,0.02624452,0.1130652,True
5.152321,0.03847992,0.1063104,True
5.163372,0.03858143,0.1046419,True
5.174638,0.03826207,0.100578,True
5.185734,0.04957616,0.1017429,True
5.196593,0.04926413,0.1019511,True
5.207829,0.05258304,0.1002893,True
5.218909,0.05424124,0.09966673,True
5.22998,0.05445641,0.1020631,True
5.241463,0.05693549,0.09551299,True
5.252187,0.03753227,0.09776858,True
5.263572,0.03359091,0.09952789,True
5.274699,0.02944434,0.1007712,True
5.285609,0.03296769,0.09537393,True
5.296568,0.03514236,0.09060001,True
5.307803,0.05205369,0.09083211,True
5.318895,0.05525738,0.07733904,True
5.329803,0.05069435,0.07837166,True
5.341179,0.0360744,0.09008249,True
5.35216,0.02663708,0.08944692,True
5.363173,0.02062756,0.09857464,True
5.37433,0.03161889,0.09537191,True
5.385489,0.0285179,0.1068137,True
5.396536,0.03473246,0.1002589,True
5.407787,0.05454725,0.09478278,True
5.41873,0.06513995,0.09822671,True
5.429899,0.06337523,0.09812043,True
5.440881,0.06238544,0.1146985,True
5.452384,0.05624336,0.1109293,True
5.463397,0.05147308,0.1134262,True
5.474292,0.05760491,0.1148973,True
5.485335,0.05822498,0.1138552,True
5.496672,0.04087943,0.11278,True
5.507709,0.0008301139,0.1249156,True
5.518614,-0.01245272,0.1270254,True
5.529746,-0.01421905,0.1294318,True
5.54108,-0.02615941,0.1294556,True
5.552186,-0.01338124,0.1173193,True
5.563104,0.01783627,0.1080464,True
5.574204,0.03318077,0.1024454,True
5.585401,0.03164053,0.113075,True
5.596416,0.03330261,0.1135994,True
5.607875,0.03288954,0.1147474,True
5.61869,0.03528523,0.1200742,True
5.629855,0.03995246,0.1167419,True
5.641192,0.0409863,0.1144492,True
5.65227,0.04160434,0.1117383,True
5.664181,0.04244393,0.116851,True
5.675597,0.03851283,0.1248832,True
5.685288,0.037485,0.1302066,True
5.696383,0.03572387,0.1333394,True
5.707648,0.03509271,0.1288444,True
5.718624,0.03363752,0.128319,True
5.729822,0.03238457,0.124452,True
5.740889,0.03269541,0.1233042,True
5.752074,0.03248769,0.123617,True
5.763392,0.03300905,0.1249752,True
5.774246,0.02666521,0.1182825,True
5.785358,0.02448219,0.1146264,True
5.79632,0.02312887,0.1110796,True
5.807684,0.02768511,0.1041034,True
5.818579,-0.004252732,0.1193904,True
5.829814,-0.04975724,0.1345231,True
5.840825,-0.08747983,0.1495792,True
5.852041,-0.09050608,0.1510522,True
5.863225,-0.0872705,0.1495788,True
5.874121,-0.0485065,0.1332667,True
5.885182,0.002075136,0.1145882,True
5.89638,0.04365444,0.099025,True
5.907464,0.04510957,0.1007968,True
5.918881,0.04656339,0.1013203,True
5.930552,0.043033,0.09933563,True
5.940928,0.03908849,0.09818614,True
5.951887,0.04044044,0.1011026,True
5.963351,0.03286505,0.09973528,True
5.974122,0.0491451,0.08812869,True
5.985412,0.05807298,0.09167191,True
5.99634,0.0563035,0.08709957,True
6.007602,0.05930847,0.08108201,True
6.018457,0.06356972,0.08690274,True
6.029595,0.06511945,0.08015451,True
6.040641,0.05588251,0.08024598,True
6.05182,0.05474347,0.08252856,True
6.062897,0.06543279,0.08171223,True
6.074122,0.06408662,0.08378679,True
6.08511,0.0643912,0.07880393,True
6.096165,0.06397736,0.078596,True
6.107472,0.07145858,0.08473223,True
6.118681,0.0804953,0.08713308,True
6.130746,0.07965571,0.07986261,True
6.141525,0.07998228,0.09014657,True
6.151794,0.06887436,0.0947003,True
6.162854,0.07167232,0.08982243,True
6.174354,0.07645261,0.09242692,True
6.185342,0.07302541,0.0934597,True
6.196331,0.07728517,0.09294762,True
6.207359,0.07054597,0.100631,True
6.21835,0.0686779,0.1009411,True
6.229557,0.07232827,0.1051182,True
6.240664,0.07876664,0.1041918,True
6.251735,0.07451767,0.1071046,True
6.262794,0.0705772,0.1098099,True
6.274256,0.07535028,0.1081489,True
6.28505,0.07907254,0.1030437,True
6.296042,0.07314044,0.0995925,True
6.307405,0.08175844,0.09866992,True
6.31834,0.0974744,0.1033906,True
6.329514,0.1110941,0.08835432,True
6.340652,0.1388595,0.07337931,True
6.351741,0.1411682,0.0753653,True
6.362897,0.1352056,0.07596816,True
6.373939,0.1181759,0.07964833,True
6.384968,0.102535,0.08665522,True
6.396181,0.08933169,0.09016032,True
6.407226,0.08050138,0.0908744,True
6.418254,0.0773893,0.09398642,True
6.429642,0.08081639,0.09451081,True
6.440697,0.08497435,0.09451799,True
6.451542,0.08632171,0.09275377,True
6.46291,0.08735871,0.09202761,True
6.473917,0.09390032,0.08881582,True
6.484864,0.1019084,0.08665284,True
6.496129,0.1054642,0.09124125,True
6.507206,0.1086186,0.1002067,True
6.518248,0.1044559,0.1023771,True
6.529345,0.1051899,0.1033202,True
6.54079,0.1088263,0.1197393,True
6.551871,0.1037123,0.1205451,True
6.562676,0.1047744,0.1240027,True
6.573813,0.1041799,0.1303806,True
6.585355,0.1026235,0.1321492,True
6.596002,0.1000452,0.1394609,True
6.607202,0.090931,0.1289653,True
6.618223,0.09570611,0.1260479,True
6.629358,0.0589034,0.1330755,True
6.640396,-0.009046137,0.1698193,True
6.651543,-0.02663195,0.1725941,True
6.662577,-0.02882493,0.1780561,True
6.673898,-0.01840651,0.1671164,True
6.684956,0.001766682,0.153873,True
6.69598,0.03561729,0.1314582,True
6.70729,0.05813831,0.1195962,True
6.718105,0.05481523,0.1203208,True
6.729232,0.05293679,0.1177064,True
6.740658,0.06126922,0.1243023,True
6.751352,0.03739077,0.1362705,True
6.762559,-0.002285838,0.1611025,True
6.773655,-0.02819884,0.1756421,True
6.784869,-0.02995181,0.1650502,True
6.795968,-0.02568114,0.1606367,True
6.807167,0.04594171,0.148113,True
6.818102,0.1149211,0.1254232,True
6.829141,0.1568083,0.1068289,True
6.840437,0.1443906,0.1008018,True
6.851392,0.1333591,0.1115133,True
6.862552,0.115366,0.1117276,True
6.873652,0.09560132,0.1256294,True
6.884784,0.1015634,0.1293191,True
6.896014,0.04239446,0.1433929,True
6.907186,-0.023718,0.171643,True
6.918067,-0.01997006,0.1701625,True
6.929183,-0.01945043,0.1716318,True
6.940365,-0.007278204,0.1657261,True
6.951332,0.01580006,0.1591438,True
6.962564,0.05788761,0.1418601,True
6.97366,0.09659952,0.1165412,True
6.985,0.09960067,0.1125833,True
6.995795,0.09064305,0.1105774,True
7.007204,0.1060616,0.1105279,True
7.01803,0.1062623,0.1088581,True
7.029074,0.09844494,0.1106969,True
7.040354,0.09252113,0.1121461,True
7.051664,0.06418222,0.125039,True
7.063735,0.01153636,0.1586079,True
7.074574,-0.01175129,0.1703507,True
7.084758,-0.0230031,0.1848674,True
7.095893,-0.08781946,0.2280163,True
7.229026,0.002073169,0.08868751,True
7.240219,0.04613853,0.09373149,True
7.251247,-0.06277549,0.1750018,True
7.262273,0.0009350181,0.1336868,True
7.273628,0.0118897,0.2135835,True
7.284546,0.01741594,0.2120073,True
7.295667,-0.03442872,0.1669499,True
7.306959,0.06233269,0.290637,True
7.317873,0.09501117,0.2099624,True
7.329055,0.06901383,0.1710253,True
7.340332,0.1426169,0.1325106,True
7.351799,0.1348851,0.1523967,True
7.375306,0.08357757,0.1636155,True
7.38173,0.09398979,0.1604985,True
7.386353,0.09398997,0.1604993,True
7.392279,0.0792048,0.164234,True
7.40245,0.08620298,0.1680323,True
7.414178,0.08788043,0.1702401,True
7.425447,0.08568823,0.1697097,True
7.435486,0.08491194,0.1583747,True
7.447391,0.08414006,0.1483117,True
7.458541,0.08392203,0.1460079,True
7.468583,0.08746129,0.1453878,True
7.479462,0.08298343,0.1453754,True
7.492723,0.08204895,0.1461064,True
7.503773,0.08704448,0.1451774,True
7.514132,0.08491689,0.134285,True
7.524253,0.08922851,0.1444494,True
7.536424,0.08317727,0.1417126,True
7.54632,0.08133054,0.1486195,True
7.557217,0.07309699,0.1467116,True
7.568292,0.07380915,0.1415855,True
7.579379,0.1028613,0.1582476,True
7.590609,0.13741,0.1533591,True
7.601561,0.1357457,0.1403296,True
7.612743,0.1263632,0.1809336,True
7.623727,0.09519631,0.1736234,True
7.634794,0.08315152,0.1609936,True
7.646038,0.07666183,0.1536355,True
7.657213,0.2036451,0.1882295,True
7.668132,0.1498196,0.1835637,True
7.679288,0.1363396,0.1929639,True
7.690685,0.1312838,0.2116228,True
7.701539,0.125796,0.21039,True
7.712682,0.1191908,0.2019215,True
7.723784,0.1194112,0.2134075,True
7.734799,0.1282663,0.214996,True
7.745867,0.1281391,0.2128668,True
7.757071,0.1167908,0.2035967,True
7.768137,0.1180146,0.1999971,True
7.779283,0.1191045,0.1932171,True
7.790452,0.1091639,0.1435038,True
7.80148,0.1048634,0.1206584,True
7.812578,0.1053801,0.1198252,True
7.823819,0.08180457,0.05681792,True
7.834792,0.07889235,0.0517305,True
7.846118,0.0785715,0.04509072,True
7.857185,0.06839973,0.04269762,True
7.8687,0.06663275,0.03927495,True
7.880144,0.06964463,0.04300951,True
7.891603,0.1154147,0.1017016,True
7.903228,0.132741,0.1294078,True
7.914688,0.151776,0.1363493,True
7.926018,0.1516967,0.14002,True
7.937529,0.1538945,0.1384627,True
7.949166,0.1478682,0.1331744,True
7.960484,0.1371477,0.1300651,True
7.972035,0.1039563,0.1072795,True
7.983497,0.03045684,0.05718456,True
7.995027,0.03326535,0.07160524,True
8.006566,0.04020321,0.06082354,True
8.017627,0.05037069,0.06560555,True
8.028671,0.05784476,0.07090589,True
8.039693,0.07061654,0.0761118,True
8.050943,0.07280141,0.0795417,True
8.062041,0.07695383,0.07892343,True
8.073466,0.07352239,0.07507686,True
8.084228,0.07446069,0.07663622,True
8.09534,0.0748747,0.07642932,True
8.10646,0.08402258,0.08339849,True
8.117519,0.08548236,0.08786839,True
8.128582,0.08715248,0.09275454,True
8.139769,0.08829951,0.0951459,True
8.150764,0.08829898,0.09504219,True
8.162051,0.08933103,0.09067949,True
8.173347,0.09265506,0.09016514,True
8.184458,0.1131963,0.09668389,True
8.195293,0.1168757,0.1014993,True
8.206426,0.1181489,0.1049522,True
8.217633,0.1200644,0.1110209,True
8.228727,0.1165028,0.1094354,True
8.239919,0.1122202,0.07775509,True
8.250798,0.1215022,0.07175838,True
8.261899,0.1062551,0.06671895,True
8.273035,0.1034414,0.06930672,True
8.284463,0.1020899,0.0709637,True
8.295194,0.1036443,0.06494489,True
8.306549,0.1101238,0.07109533,True
8.317604,0.1149247,0.07183978,True
8.32858,0.1116919,0.07401037,True
8.339755,0.1093833,0.06652112,True
8.350654,0.1137658,0.0666396,True
8.362256,0.1134524,0.06715801,True
8.372927,0.09977984,0.06140286,True
8.38404,0.09926128,0.06160986,True
8.395106,0.0930292,0.06264085,True
8.40626,0.09230042,0.06170635,True
8.417359,0.09064239,0.06398846,True
8.428515,0.09012049,0.06305366,True
8.439592,0.07536322,0.05214201,True
8.450813,0.07525623,0.04757734,True
8.461742,0.07858092,0.05048529,True
8.473736,0.06832504,0.06853104,True
8.483935,0.07632905,0.07788429,True
8.495137,0.0792374,0.07944562,True
8.506221,0.07415909,0.08535964,True
8.517534,0.07591826,0.08120669,True
8.528436,0.07322776,0.08774695,True
8.539505,0.1061812,0.08448818,True
8.55057,0.1172511,0.08723712,True
8.561804,0.1222715,0.09006673,True
8.572932,0.122902,0.09162971,True
8.584048,0.1166306,0.09014644,True
8.595012,0.1014969,0.08956084,True
8.606162,0.0691691,0.08099128,True
8.617274,0.07042056,0.08556126,True
8.628566,0.07135713,0.08815999,True
8.639516,0.07425541,0.0794396,True
8.650516,0.06750453,0.07787297,True
8.661672,0.06782347,0.08368906,True
8.672851,0.06978875,0.07849853,True
8.683948,0.06926924,0.07808293,True
8.695209,0.06958205,0.07860202,True
8.706061,0.0517422,0.0903122,True
8.717317,0.04935461,0.08999775,True
8.72849,0.04738349,0.09030693,True
8.739379,0.05195069,0.09249311,True
8.750527,0.05381161,0.08564328,True
8.761598,0.0490455,0.09217741,True
8.772731,0.04209995,0.09985495,True
8.784015,0.04313749,0.09902409,True
8.794991,0.04157919,0.09943756,True
8.806056,0.04044104,0.0999565,True
8.81721,0.04137152,0.09787902,True
8.828336,0.04168397,0.09860665,True
8.839454,0.0424068,0.09517978,True
8.850417,0.04209608,0.09611358,True
8.86155,0.04292625,0.09673774,True
8.872687,0.0316211,0.09942105,True
8.88387,0.03110009,0.09734375,True
8.8949,0.03089315,0.09609799,True
8.906034,0.02913052,0.09588778,True
8.917165,0.03047538,0.09173596,True
8.928174,0.02912664,0.09163029,True
8.939736,0.02944982,0.1045226,True
8.951592,0.02415264,0.09899502,True
8.962584,0.02435935,0.09671121,True
8.9726,0.01834643,0.09929844,True
8.983865,0.02021563,0.1011734,True
8.995301,0.0181399,0.0998168,True
9.006042,-0.01036531,0.1042826,True
9.017209,-0.03796923,0.1119402,True
9.028226,-0.06073558,0.1196032,True
9.039332,-0.07665515,0.1232911,True
9.050441,-0.07321817,0.1219271,True
9.061584,-0.07081342,0.117953,True
9.072555,-0.02322692,0.1061801,True
9.083808,-0.01036239,0.09326527,True
9.094995,-0.003005147,0.09065986,True
9.106071,-0.005283117,0.08869158,True
9.117227,-0.001657248,0.08785709,True
9.1281,-0.001242697,0.08858255,True
9.139272,-0.003626227,0.08744486,True
9.150357,-0.00372988,0.0875482,True
9.161408,-0.004248023,0.0908692,True
9.172721,-0.009221196,0.08579162,True
9.183753,-0.01150072,0.08714419,True
9.194791,-0.01015389,0.08786817,True
9.205894,-0.005800605,0.08111839,True
9.217105,-0.008910179,0.08475411,True
9.228156,-0.008494735,0.08070637,True
9.239146,-0.006525934,0.08288244,True
9.250463,-0.009011924,0.08101805,True
9.261415,-0.007977247,0.0822617,True
9.272592,-0.00973928,0.08018927,True
9.283673,-0.008598447,0.08070648,True
9.294745,-0.0009317398,0.08017846,True
9.305804,0.006009758,0.08174034,True
9.317029,0.001761317,0.08194277,True
9.328038,-0.005282462,0.08132496,True
9.339147,-0.007458568,0.08174242,True
9.350369,-0.0008281469,0.08287529,True
9.361369,-0.002174497,0.08194342,True
9.372468,-0.007872283,0.07624583,True
9.383615,-0.002381086,0.07416428,True
9.394681,-0.003313899,0.07375039,True
9.40607,-0.00766474,0.07479311,True
9.41694,-0.00818342,0.07385974,True
9.428105,-0.006007195,0.07199066,True
9.439048,-0.006628871,0.07261331,True
9.450334,-0.00010252,0.07665163,True
9.461493,1.132488E-06,0.07426506,True
9.472425,-0.0002062917,0.07322839,True
9.483533,0.0001040101,0.07022117,True
9.49475,-0.0008285046,0.07478452,True
9.505731,0.0006214976,0.07229548,True
9.516913,-0.001137257,0.06928876,True
9.528024,-0.003313243,0.06286251,True
9.539062,-0.001761138,0.0708451,True
9.550115,0.001243472,0.07945301,True
9.56146,-0.003314912,0.07872944,True
9.572352,0.003730536,0.07675902,True
9.583478,0.01046443,0.07998285,True
9.594565,0.00435102,0.07924896,True
9.605727,0.004352093,0.08246471,True
9.616843,0.004144609,0.08194563,True
9.627959,7.748604E-07,0.08152568,True
9.639106,0.001864612,0.0808022,True
9.650134,-0.002382219,0.08038794,True
9.661214,-0.001242578,0.07831223,True
9.672347,-0.006421328,0.07510257,True
9.683507,-0.006213963,0.07136826,True
9.694621,-0.006939232,0.07064339,True
9.706019,-0.0120157,0.06805662,True
9.717004,-0.0113939,0.06535983,True
9.728005,-0.009735405,0.05955176,True
9.739036,-0.004763901,0.06659742,True
9.750009,0.001658797,0.05975159,True
9.761237,-0.001242578,0.05840413,True
9.772342,0.007560253,0.05478157,True
9.783412,0.009424925,0.05540494,True
9.7946,0.009839535,0.05540503,True
9.805625,0.01564091,0.05810548,True
9.816785,0.01149458,0.04970543,True
9.827771,0.004142582,0.0563331,True
9.838874,0.008491695,0.04680177,True
9.850091,0.007767141,0.05664727,True
9.861073,0.0121156,0.04587159,True
9.87246,0.00828588,0.06317841,True
9.883304,0.01077294,0.07116603,True
9.894515,0.01150012,0.07261823,True
9.905442,0.01129276,0.070751,True
9.916846,0.01098114,0.07085485,True
9.927804,0.006836593,0.07053924,True
9.93889,0.01533139,0.06287395,True
9.950093,0.01854175,0.05935178,True
9.961133,0.02216882,0.06039152,True
9.972184,0.01967949,0.05085243,True
9.983329,0.0200901,0.04349349,True
9.994617,0.02040094,0.04370108,True
10.00556,0.02723622,0.03634784,True
10.0168,0.03137898,0.03458922,True
10.02804,0.03303576,0.0331391,True
10.04002,0.03604215,0.03583464,True
10.05102,0.03656214,0.03738959,True
10.06161,0.03655583,0.02495602,True
10.07222,0.03603703,0.025163,True
10.08332,0.03231233,0.03541826,True
10.09446,0.0340752,0.03811381,True
10.10546,0.03635508,0.03821819,True
10.11667,0.03604269,0.03738932,True
10.12761,0.03552771,0.0399807,True
10.1388,0.03024441,0.04329285,True
10.14995,0.03045112,0.04184203,True
10.16106,0.03076261,0.04267127,True
10.17232,0.04599661,0.04154181,True
10.18342,0.05014575,0.04247789,True
10.19432,0.04983705,0.04672803,True
10.20544,0.0468362,0.05429558,True
10.21658,0.0549292,0.05814076,True
10.22756,0.05410147,0.06052586,True
10.23868,0.05192083,0.05896799,True
10.24985,0.04850459,0.06622638,True
10.26098,0.05036789,0.06166353,True
10.27207,0.04175985,0.06113619,True
10.28348,0.03875244,0.06102956,True
10.29448,0.03740907,0.0671488,True
10.30537,-0.001969755,0.1199078,True
10.31661,0.04953438,0.1287707,True
10.32758,0.04304475,0.1055885,True
10.33883,0.2112188,-0.03254364,True
10.34977,0.5039398,-0.125289,False
10.36101,0.6693313,-0.3562768,False
10.37206,0.9768714,-0.5435051,False
10.38322,1.034374,-0.9622922,False
10.39432,1.420552,-0.9986913,False
10.4054,1.217421,-2.016734,False
10.41639,1.183313,-2.193558,False
10.42751,1.518823,-2.497533,False
10.43863,1.514878,-2.865719,False
10.44979,1.730712,-3.076492,False
10.46114,1.623962,-3.221146,False
10.47217,1.581326,-3.898978,False
10.48317,1.367238,-3.979694,False
10.49441,1.612345,-4.218322,False
10.50531,1.535342,-4.154055,False
10.51644,1.46827,-4.022178,False
10.52758,1.438391,-4.218913,False
10.53867,1.427841,-4.380674,False
10.5498,1.419999,-4.349473,False
10.56083,1.403433,-4.390692,False
10.5719,1.432851,-4.387203,False
10.58347,1.422082,-4.343892,False
10.59412,1.435289,-4.351279,False
10.60563,1.422964,-4.321027,False
10.61652,1.413813,-4.295839,False
10.62767,1.417247,-4.303026,False
10.63849,1.42653,-4.303014,False
10.64974,1.431664,-4.317257,False
10.6608,1.428186,-4.298815,False
10.67229,1.440285,-4.309597,False
10.68289,1.456681,-4.290489,False
10.69444,1.452492,-4.297921,False
10.70543,1.436658,-4.277041,False
10.71638,1.448709,-4.273199,False
10.72734,1.434761,-4.247014,False
10.73859,1.441826,-4.254076,False
10.74972,1.443405,-4.233607,False
10.76066,1.449761,-4.249569,False
10.77223,1.446945,-4.248179,False
10.78307,1.453702,-4.251713,False
10.79434,1.459473,-4.243743,False
10.80554,1.464775,-4.250706,False
10.81628,1.464725,-4.256125,False
10.82754,1.456601,-4.252562,False
10.8384,1.446943,-4.251159,False
10.84988,1.440999,-4.272691,False
10.86068,1.440262,-4.279608,False
10.8722,1.445322,-4.299315,False
10.88293,1.446965,-4.307371,False
10.89408,1.453251,-4.29745,False
10.90522,1.449548,-4.261012,False
10.91629,1.4519,-4.254129,False
10.92736,1.461695,-4.25852,False
10.93845,1.464929,-4.244819,False
10.95466,1.46887,-4.24372,False
10.96074,1.475694,-4.250912,False
10.97049,1.479137,-4.227429,False
10.98143,1.47931,-4.220212,False
10.99172,1.480667,-4.218943,False
11.00285,1.475518,-4.18779,False
11.01397,1.475998,-4.174839,False
11.02494,1.470299,-4.172498,False
11.03603,1.475572,-4.144036,False
11.04725,1.456104,-4.135158,False
11.05817,1.445943,-4.131984,False
11.06936,1.445887,-4.136053,False
11.08052,1.440654,-4.132596,False
11.09173,1.436172,-4.131619,False
11.10263,1.415469,-4.14722,False
11.11421,1.40217,-4.116965,False
11.12488,1.391995,-4.114541,False
11.13594,1.393427,-4.104519,False
11.14719,1.386606,-4.085955,False
11.15818,1.384336,-4.085607,False
11.16953,1.387744,-4.091666,False
11.18047,1.388996,-4.074457,False
11.19152,1.389413,-4.066461,False
11.20268,1.37828,-4.061737,False
11.21378,1.371348,-4.057849,False
11.22483,1.375518,-4.0635,False
11.23608,1.369704,-4.062062,False
11.24709,1.38533,-4.063648,False
11.25815,1.380185,-4.055744,False
11.26943,1.378804,-4.03036,False
11.28033,1.389414,-4.01926,False
11.29174,1.396859,-4.004931,False
11.30274,1.402619,-4.002547,False
11.31396,1.402665,-3.996708,False
11.32514,1.393987,-4.003665,False
11.33634,1.394336,-3.999991,False
11.34775,1.398503,-3.989337,False
11.35899,1.398419,-3.991628,False
11.37015,1.398863,-3.997267,False
11.3816,1.386001,-4.004658,False
11.39276,1.382033,-4.007908,False
11.40404,1.382902,-4.015466,False
11.41538,1.376455,-4.027319,False
11.42676,1.37042,-4.052763,False
11.43775,1.373788,-4.053581,False
11.44916,1.249974,-3.699247,False
11.46056,1.076827,-3.315585,False
11.47152,0.7257694,-2.254053,False
11.48257,0.6359227,-1.779574,False
11.49385,0.5607185,-1.543001,False
11.50515,0.3314431,-0.8397462,False
11.51607,0.2439246,-0.7527833,False
11.52706,0.2064286,-0.9168878,False
11.53815,0.1823318,-0.9162434,False
11.54934,0.2589446,-0.9001443,False
11.5605,0.2478961,-0.8857732,False
11.57147,0.2860897,-0.9233778,False
11.58272,0.2768315,-0.9350632,False
11.59372,0.3082623,-0.9552891,False
11.60484,0.2671049,-0.8937052,False
11.61606,0.293522,-0.9055473,False
11.62698,0.3107168,-0.9102944,False
11.63804,0.3259143,-0.9175507,False
11.65008,0.3293256,-0.9053914,False
11.66026,0.3301443,-0.9309078,False
11.67171,0.2671332,-0.9248747,False
11.68261,0.2488027,-0.8607957,False
11.69371,0.194692,-0.9264114,False
11.70473,-0.1896307,-0.9218311,False
11.71589,-0.6969219,-0.8123447,False
11.72703,-1.165067,-0.9524949,False
11.73815,-1.992454,-1.053439,False
11.74921,-2.20159,-1.332077,False
11.76033,-2.887006,-1.236684,False
11.77138,-3.187952,-1.44508,False
11.78241,-3.214846,-1.260217,False
11.79366,-3.200437,-1.235131,False
11.8047,-3.163004,-1.274646,False
11.81589,-3.174759,-1.274396,False
11.82687,-3.168793,-1.209943,False
11.83799,-3.142503,-1.206847,False
11.84927,-3.130988,-1.186515,False
11.86026,-3.131042,-1.193522,False
11.87134,-3.106831,-1.176722,False
11.88245,-3.506108,-1.377078,False
11.89382,-3.792706,-1.472085,False
11.90464,-3.802698,-1.483304,False
11.91587,-3.870161,-1.536572,False
11.92681,-3.812887,-1.509166,False
11.93789,-3.841762,-1.537931,False
11.94912,-3.903008,-1.53587,False
11.96011,-3.948087,-1.594471,False
11.97125,-4.01433,-1.602734,False
11.98242,-3.980138,-1.609181,False
11.99358,-3.97302,-1.605604,False
12.00475,-3.972456,-1.600994,False
12.01579,-3.985894,-1.597013,False
12.02686,-3.968335,-1.593801,False
12.03791,-3.970183,-1.595701,False
12.04927,-3.984451,-1.597417,False
12.06115,-3.79644,-1.395993,False
12.07233,-2.898085,-1.022862,False
12.08257,-2.001111,-0.7803841,False
12.09368,-1.651206,-0.4663273,False
12.10451,-0.9885507,-0.294063,False
12.11574,-0.2458124,-0.1191311,True
12.12681,-0.2004197,-0.1243484,True
12.13781,-0.2892586,-0.1267682,True
12.14906,-0.4401301,0.01649269,True
12.16002,-0.4511896,-0.00886409,True
12.17146,-0.3525724,-0.1402207,True
12.18231,-0.2348944,-0.2391206,True
12.19343,-0.1928434,-0.2156364,True
12.20465,-0.1968199,-0.1922074,True
12.21567,-0.3211645,-0.1551255,True
12.22699,-0.3147122,-0.1645063,True
12.23784,-0.304147,-0.1710171,True
12.24906,-0.34325,-0.1396578,True
12.26003,-0.356894,-0.1401169,True
12.27121,-0.3527418,-0.1474195,True
12.2823,-0.100179,-0.09862114,True
12.29341,0.141568,0.02222671,True
12.30447,0.04537565,-0.03698376,True
12.31554,0.002796412,-0.04359063,True
12.32669,-0.01729387,-0.04256362,True
12.33774,-0.02029788,-0.03955968,True
12.34886,-0.07130325,-0.03803615,True
12.3602,-0.06050915,-0.03357099,True
12.37097,-0.1067141,-0.03080145,True
12.38231,-0.1284341,-0.03675507,True
12.3933,-0.1158067,-0.03984827,True
12.40463,-0.09009504,-0.04136777,True
12.41548,-0.003416061,-0.0404823,True
12.42666,0.006730914,-0.04007016,True
12.43768,0.004969954,-0.04949894,True
12.44881,-0.0008282065,-0.0461795,True
12.46014,-0.003312528,-0.04618113,True
12.47112,-0.0009326339,-0.06878051,True
12.48218,-0.01149982,-0.06744299,True
12.49333,-0.004557014,-0.06899156,True
12.50438,-0.00683856,-0.0751151,True
12.5157,-0.1184549,-0.05626856,True
12.52676,-0.1348584,-0.05548133,True
12.5377,-0.1398721,-0.05362188,True
12.54878,-0.1408181,-0.05456116,True
12.56001,-0.1382031,-0.05476187,True
12.57111,-0.1269065,-0.05275688,True
12.5821,-0.01740861,-0.081768,True
12.59319,-0.0216549,-0.06880157,True
12.60432,-0.02331948,-0.0819841,True
12.61538,-0.02155083,-0.06434119,True
12.62677,-0.02092934,-0.06848945,True
12.63761,-0.02269262,-0.0695288,True
12.64873,-0.01512331,-0.06111882,True
12.65986,-0.0142948,-0.06049614,True
12.67146,-0.02434874,-0.06641845,True
12.68209,-0.03295231,-0.06601185,True
12.69306,-0.02932411,-0.06341492,True
12.7043,-0.02155024,-0.06361494,True
12.71545,-0.01730174,-0.06423333,True
12.72648,-0.01605606,-0.060705,True
12.73761,-0.01605719,-0.063921,True
12.74871,-0.01616168,-0.06589188,True
12.76021,-0.01947731,-0.06444262,True
12.77084,-0.1339927,-0.08482417,True
12.78224,-0.1631013,-0.07816823,True
12.79315,-0.1640805,-0.08922367,True
12.80416,-0.1674411,-0.08976059,True
12.81547,-0.1729559,-0.0996072,True
12.82666,-0.1656804,-0.09663938,True
12.83766,-0.1425806,-0.08673432,True
12.84871,-0.04311341,-0.06280622,True
12.85972,-0.0413484,-0.0594839,True
12.87124,-0.04082555,-0.05398599,True
12.88188,-0.04082483,-0.05367461,True
12.89316,-0.03708839,-0.04858989,True
12.90417,-0.02682841,-0.04681972,True
12.91524,-0.02807158,-0.04868685,True
12.92644,-0.03097486,-0.0509699,True
12.9375,-0.03325516,-0.05138678,True
12.94867,-0.04735792,-0.05399118,True
12.9597,-0.04175878,-0.05502409,True
12.97117,-0.04746377,-0.05637686,True
12.98206,-0.04891425,-0.05409601,True
12.993,-0.05223423,-0.05492975,True
13.00432,-0.05129808,-0.05409809,True
13.01525,-0.05523974,-0.05244231,True
13.0264,-0.05440986,-0.05254534,True
13.03738,-0.05409628,-0.05098815,True
13.0486,-0.06186962,-0.04477143,True
13.05966,-0.06997049,-0.04923807,True
13.07081,-0.07016629,-0.04125018,True
13.08183,-0.06643927,-0.04767878,True
13.09325,-0.06590915,-0.03813648,True
13.10409,-0.06238526,-0.04155712,True
13.11518,-0.06320006,-0.02807783,True
13.12632,-0.06164849,-0.0310832,True
13.13756,-0.06091779,-0.02776602,True
13.14848,-0.05043799,-0.0197826,True
13.15958,-0.04712057,-0.01853807,True
13.17085,-0.04682064,-0.02962534,True
13.18188,-0.0376969,-0.02765208,True
13.19288,-0.04961127,-0.02309801,True
13.20405,-0.05033875,-0.02382382,True
13.21525,-0.0515846,-0.02548172,True
13.22633,-0.04941338,-0.03273584,True
13.2373,-0.0479663,-0.03802135,True
13.2486,-0.0473485,-0.0434125,True
13.25953,-0.044554,-0.04828504,True
13.27079,-0.04517531,-0.04953014,True
13.28176,-0.04953581,-0.05264463,True
13.29315,-0.04767168,-0.05596234,True
13.30408,-0.05368841,-0.05679808,True
13.31507,-0.05067849,-0.0558624,True
13.32623,-0.05150849,-0.05472133,True
13.33727,-0.04984701,-0.05305952,True
13.34849,-0.05109149,-0.05357937,True
13.35957,-0.05026525,-0.0558614,True
13.37067,-0.05254549,-0.05596749,True
13.38171,-0.05306244,-0.0544114,True
13.39281,-0.05192614,-0.05804166,True
13.40401,-0.0520311,-0.05959785,True
13.41523,-0.04030716,-0.05429648,True
13.42618,-0.03968471,-0.05263697,True
13.43721,-0.04278761,-0.04403146,True
13.44859,-0.03407586,-0.03676936,True
13.45989,-0.03252202,-0.03904851,True
13.47062,-0.02661806,-0.03904523,True
13.48173,-0.02029467,-0.03251377,True
13.49287,-0.02174461,-0.0327218,True
13.50393,-0.0208149,-0.03924917,True
13.51509,-0.01915616,-0.03779749,True
13.52614,-0.02008951,-0.03945592,True
13.5373,-0.02122885,-0.03738397,True
13.54827,-0.01801872,-0.04111284,True
13.55959,-0.01584202,-0.04069741,True
13.57057,-0.01812172,-0.03986907,True
13.58165,-0.01252711,-0.03592861,True
13.5927,-0.01066399,-0.03592717,True
13.60401,-0.01159489,-0.03323435,True
13.61498,-0.003002048,-0.03115875,True
13.62606,-0.002794564,-0.03395506,True
13.63713,-0.0725584,-0.04457127,True
13.64834,-0.08189875,-0.04416372,True
13.65953,-0.07453173,-0.04592192,True
13.67055,-0.08346689,-0.05215479,True
13.68169,-0.08823133,-0.04458253,True
13.69281,-0.08044237,-0.04281353,True
13.70388,-0.0778476,-0.04187831,True
13.71513,-0.06861949,-0.04882235,True
13.72603,-0.06870967,-0.03803419,True
13.73717,-0.07110012,-0.04093967,True
13.74834,-0.07545668,-0.03876512,True
13.75971,-0.07596803,-0.03492744,True
13.77145,0.003726959,-0.02908753,True
13.78249,0.004658937,-0.01728373,True
13.7927,0.005072474,-0.01852617,True
13.80379,0.005797088,-0.02587788,True
13.81489,0.001552522,-0.03084711,True
13.82605,-0.003932953,-0.03053767,True
13.83706,-0.002690792,-0.02991585,True
13.84825,-0.001760244,-0.03167564,True
13.85927,-0.002068877,-0.01510905,True
13.8704,-0.001344621,-0.01407378,True
13.88151,0.004968345,-0.01179775,True
13.89259,0.004864693,-0.01221147,True
13.90369,0.009004712,-0.01842388,True
13.91499,0.03250927,-0.01387323,True
13.92607,0.03592485,-0.009939147,True
13.93703,0.03406054,-0.009213751,True
13.9482,0.04193074,-0.003416535,True
13.9596,0.03799254,-0.00165613,True
13.97027,0.03643847,-0.001345806,True
13.98146,0.03271019,-0.002898511,True
13.99263,0.03333122,-0.003312778,True
14.00434,0.03509104,-0.00186329,True
14.01509,0.03032863,-0.003415897,True
14.02593,0.03561229,0.00869593,True
14.03701,0.03664935,0.009628244,True
14.04805,0.04296803,0.008386733,True
14.05956,0.0451538,0.02091895,True
14.07044,0.03862423,0.01936309,True
14.08142,0.03976381,0.01863873,True
14.09247,0.04111063,0.01926096,True
14.10354,0.04484099,0.01915825,True
14.11512,0.05127323,0.02620543,True
14.12589,0.04318154,0.01760386,True
14.13689,0.04587525,0.01687913,True
14.14817,0.04991168,0.009215966,True
14.15918,0.05229717,0.01056276,True
14.17037,0.05997026,0.01222078,True
14.18147,0.06038213,0.01025312,True
14.1925,0.05955315,0.01046024,True
14.20364,0.06162667,0.01170387,True
14.21474,0.06297672,0.01253222,True
14.22623,0.06339467,0.01533029,True
14.23691,0.06609023,0.01512387,True
14.24807,0.04379529,0.003933942,True
14.25908,0.03861326,0.001759816,True
14.27021,0.05249709,0.002381437,True
14.28136,0.06006318,0.002485232,True
14.29245,0.06856453,0.001346435,True
14.30371,0.0808056,0.003522266,True
14.31487,0.08194542,0.003003929,True
14.32583,0.05882055,0.002899339,True
14.3369,0.06556016,0.003314078,True
14.3481,0.06535244,-0.003625173,True
14.35904,0.07053411,-0.001968425,True
14.37018,0.07883126,-0.00207201,True
14.38147,0.09511882,-0.001036199,True
14.39251,0.0892055,-0.002693739,True
14.40349,0.08578271,-0.002382997,True
14.41463,0.07011819,0.0001034997,True
14.42578,0.05685049,-0.003313631,True
14.43669,0.04731923,-0.0068345,True
14.44804,0.0398618,-0.01014666,True
14.45924,0.03489113,-0.01232028,True
14.47013,0.04669881,-0.00776583,True
14.4812,0.06795204,-0.01098018,True
14.49247,0.07416785,-0.005697422,True
14.50336,0.08028853,-0.005801629,True
14.51462,0.07831585,-0.005594233,True
14.52576,0.07779205,-0.00062152,True
14.53691,0.07779354,0.0006212741,True
14.5479,0.05603546,-0.01740107,True
14.56366,0.0384199,-0.02330104,True
14.57001,0.03842032,-0.02330109,True
14.57907,0.03769618,-0.02299013,True
14.59044,0.0370701,-0.01812077,True
14.60135,0.0425579,-0.01304687,True
14.61259,0.05063134,-0.001656726,True
14.62362,0.0534327,0.003831159,True
14.63471,0.0534327,0.004659522,True
14.64633,0.05436474,0.004038703,True
14.65734,0.05436546,0.004038304,True
14.66841,0.05436504,0.004038215,True
14.67951,0.05447263,0.008181248,True
14.691,0.05571485,0.007663304,True
14.70343,0.05975848,-0.008492652,True
14.71415,0.06328589,-0.01139344,True
14.72395,0.0632869,-0.01305103,True
14.7353,0.06743908,-0.01481372,True
14.74627,0.06650251,-0.01243014,True
14.75705,0.06640166,-0.01398467,True
14.76836,0.06826466,-0.01222402,True
14.77923,0.06890094,-0.0236231,True
14.79056,0.07087183,-0.02372741,True
14.80155,0.0706625,-0.02258734,True
14.8126,0.07003921,-0.02237991,True
14.8237,0.06879902,-0.02497065,True
14.83486,0.07170373,-0.02486831,True
14.84616,0.07916141,-0.01626777,True
14.85699,0.08173937,-0.005490772,True
14.86807,0.08567899,-0.003212057,True
14.87924,0.08681864,0.0002068058,True
14.89023,0.08661115,-0.00020748,True
14.90141,0.08661187,0.001242913,True
14.91252,0.1292083,0.008717565,True
14.92371,0.102335,-0.02820178,True
14.93496,0.04565376,-0.1084281,True
14.94631,0.06083649,-0.04663812,True
14.95755,0.04490489,-0.09582527,True
14.96872,0.06561691,-0.1142058,True
14.97993,-0.007616162,-0.2177527,True
14.99142,0.1241316,-0.2694946,True
15.00268,0.04385102,-0.2750616,True
15.01454,0.1215473,-0.3955871,True
15.02507,0.06098717,-0.2380915,True
15.03636,-0.003538728,-0.1840049,True
15.04765,0.04924637,-0.07412576,True
15.05901,0.04912734,-0.05959569,True
15.0701,0.05929977,-0.06375644,True
15.08161,0.05335492,-0.03346319,True
15.09264,0.03800547,-0.02112493,True
15.10392,0.03284484,-0.05429006,True
15.11522,0.03066796,-0.05553301,True
15.12577,0.0306704,-0.05854128,True
15.1371,0.03139859,-0.06154996,True
15.14853,0.03438669,-0.03531894,True
15.15978,0.05592149,0.006834613,True
15.17078,0.06859034,0.02662759,True
15.1813,0.09382564,0.03960406,True
15.19235,0.1002221,0.01098576,True
15.20365,0.07603645,0.005489882,True
15.2146,0.05084735,0.01408414,True
15.22566,0.07261163,-0.005490119,True
15.23676,0.06037778,-0.00517834,True
15.24782,0.04265821,-0.008076124,True
15.25901,0.06525028,0.004349656,True
15.2701,0.07303536,0.01263855,True
15.28141,0.0864315,0.02228111,True
15.29262,0.08435565,0.0218656,True
15.30333,0.151783,0.09061246,True
15.31469,0.1703621,0.120734,True
15.32559,0.1709259,0.1252479,True
15.33662,0.1695892,0.1291207,True
15.34799,0.1643764,0.1215364,True
15.35944,0.1608729,0.1031872,True
15.37041,0.1401407,0.08420878,True
15.38168,0.09653163,0.04292541,True
15.39252,0.1040316,0.04760683,True
15.40375,0.09799749,0.05143587,True
15.41486,0.1015351,0.05081905,True
15.42599,0.106118,0.04885724,True
15.43686,0.1214588,0.05086748,True
15.44769,0.1182117,0.04483476,True
15.45914,0.1178999,0.04576897,True
15.47083,0.1133868,0.03247013,True
15.4814,0.113169,0.02655379,True
15.4921,0.1133742,0.02479057,True
15.50327,0.1178688,0.02998574,True
15.51419,0.120662,0.01722218,True
15.52531,0.1213996,0.02054437,True
15.5363,0.1231723,0.01919641,True
15.54751,0.1248329,0.01452742,True
15.55838,0.1270277,0.01494387,True
15.56978,0.1264018,0.0155663,True
15.58079,0.1152314,0.01431292,True
15.59179,0.1157371,0.005081223,True
15.60288,0.1156389,0.007985868,True
15.61424,0.1178256,0.006015316,True
15.62544,0.1235706,0.009233445,True
15.63625,0.1165704,0.004667096,True
15.64739,0.1117682,-0.00269579,True
15.65845,0.1018762,-0.006011236,True
15.66955,0.09844553,-0.004456123,True
15.68075,0.08755243,0.006734785,True
15.69177,0.08567756,0.001035903,True
15.7038,0.08184361,0.005490437,True
15.71389,0.08412236,-0.003108053,True
15.72536,0.08651239,-0.00549148,True
15.73619,0.08766603,-0.01398925,True
15.74743,0.08299381,-0.01160494,True
15.75838,0.09294844,-0.006631523,True
15.76956,0.08963937,-0.01388613,True
15.78104,0.01303899,-0.005898982,True
15.79167,-0.01304257,-0.02018481,True
15.80287,-0.008592129,-0.02567186,True
15.81406,0.03137708,-0.02878898,True
15.82526,0.07097411,-0.02300168,True
15.83608,0.1125069,-0.005806666,True
15.84738,0.155992,0.01299034,True
15.85846,0.1254401,0.004046481,True
15.86943,0.0936684,-0.002383444,True
15.88083,0.09180689,0.004973628,True
15.89173,0.09180695,-0.005595719,True
15.90282,0.09708965,-0.0005180575,True
15.91388,0.1477184,0.01163451,True
15.9251,0.1906353,0.02165635,True
15.93628,0.2082452,0.03743606,True
15.94725,0.2158926,0.03798218,True
15.95841,0.2172706,0.03621129,True
15.96936,0.21131,0.03274919,True
15.98073,0.1521466,0.02660469,True
15.99161,0.1143106,0.02365026,True
16.00276,0.1140941,0.0193957,True
16.0139,0.1156382,0.007570811,True
16.02517,0.1222075,0.005705846,True
16.03605,0.1257654,0.01058378,True
16.04743,0.1248409,0.01826396,True
16.05833,0.1302819,0.02377227,True
16.06936,0.1324658,0.01816645,True
16.0808,0.1335094,0.01837549,True
16.09175,0.1334137,0.02315308,True
16.10266,0.1299688,0.02366822,True
16.11377,0.1319546,0.02450137,True
16.12504,0.1233967,0.02750178,True
16.13613,0.1273643,0.02729976,True
16.14712,0.1177623,0.0285324,True
16.15813,0.1113916,0.02364698,True
16.17012,0.1194207,0.02292929,True
16.18062,0.1132725,0.02613921,True
16.19163,0.116722,0.02946552,True
16.20264,0.1130657,0.02717647,True
16.21394,0.1180706,0.02635302,True
16.22504,0.115253,0.0263498,True
16.23596,0.1188023,0.02718445,True
16.24727,0.112015,0.02364782,True
16.25814,0.1192106,0.02230644,True
16.26955,0.1255781,0.02200181,True
16.2805,0.1243314,0.02511473,True
16.29166,0.1343626,0.02616619,True
16.30262,0.136141,0.02783053,True
16.31378,0.1309138,0.02626557,True
16.32488,0.1359333,0.02814205,True
16.33584,0.1287225,0.02761279,True
16.34727,0.1292443,0.02719766,True
16.35816,0.1230769,0.02407566,True
16.36956,0.1267343,0.02615604,True
16.38039,0.05986291,-0.00963207,True
16.39157,0.05789679,-0.01159998,True
16.40293,0.06070161,-0.01792026,True
16.41378,0.06060445,-0.02434546,True
16.42483,0.06215322,-0.0181279,True
16.43588,0.06857342,-0.01077313,True
16.44717,0.1188188,0.03611232,True
16.45809,0.1231973,0.03196606,True
16.47002,0.1226748,0.03217354,True
16.48043,0.1250759,0.03279997,True
16.49139,0.1253881,0.03228098,True
16.50258,0.1311432,0.03540674,True
16.51358,0.1313559,0.03748536,True
16.52536,0.1400288,0.03635748,True
16.53572,0.1376262,0.03760049,True
16.54713,0.1357315,0.03156991,True
16.5582,0.1305072,0.03239297,True
16.56912,0.1281016,0.03093553,True
16.58035,0.1281969,0.02491186,True
16.59136,0.1266334,0.02719449,True
16.60249,0.1185827,0.02147538,True
16.61361,0.1183717,0.01919226,True
16.62476,0.1174324,0.01888017,True
16.63595,0.1182732,0.02251299,True
16.64701,0.1146157,0.01981145,True
16.65805,0.1138886,0.02178209,True
16.66907,0.1152388,0.01846312,True
16.68038,0.1153562,0.02551926,True
16.69118,0.1159778,0.023133,True
16.70261,0.1175513,0.02718275,True
16.71375,0.1220441,0.02968062,True
16.72465,0.1245442,0.02698412,True
16.73576,0.124975,0.03363062,True
16.74686,0.1256056,0.03529363,True
16.75804,0.1262326,0.034879,True
16.76905,0.1262331,0.03508683,True
16.7802,0.1293589,0.03228746,True
16.79126,0.1325988,0.03260437,True
16.80226,0.1325149,0.04205947,True
16.81341,0.1297067,0.04860057,True
16.82467,0.1295819,0.03935162,True
16.83571,0.1334509,0.03998261,True
16.84686,0.1357542,0.04206621,True
16.85799,0.1366974,0.04186036,True
16.86919,0.1370167,0.04549901,True
16.88029,0.1363875,0.04424993,True
16.89121,0.1357617,0.04497668,True
16.90239,0.1293764,0.04039101,True
