0.0268755,-0.03481126,0.05677544,True
0.03323841,0.01801658,0.0355144,True
0.04192257,0.142867,-0.004364133,True
0.05316162,0.03075385,0.02826861,True
0.06412029,-0.0006239414,0.1757753,True
0.07530022,0.0414443,0.1870195,True
0.08638191,0.08385611,0.1034696,True
0.09752655,0.1838881,0.2382447,True
0.1087065,-0.004762411,0.04804265,True
0.1196918,-0.2114677,-0.3167769,True
0.1308365,-0.5104425,-0.8781058,False
0.1422462,-0.9240359,-1.860432,False
0.1531925,-1.443122,-1.932095,False
0.1642628,-1.757429,-1.839212,False
0.1760397,-1.532601,-2.08241,False
0.187418,-1.5326,-2.08241,False
0.1980801,-1.610232,-1.976039,False
0.2089729,-1.62959,-1.932744,False
0.2201071,-1.480383,-1.868102,False
0.2313614,-1.478268,-1.886896,False
0.2426281,-1.472857,-1.789602,False
0.2536011,-1.44054,-1.817814,False
0.2643309,-1.468948,-1.814256,False
0.2755966,-1.519608,-1.788167,False
0.2863922,-1.485038,-1.812755,False
0.2975912,-1.539894,-1.860937,False
0.308835,-0.9028418,-1.090926,False
0.3197212,-0.6794834,-0.7087927,False
0.3308411,-0.2216387,-0.3081038,True
0.3421097,-0.09968877,-0.2518966,True
0.3530111,-0.07313585,-0.182059,True
0.364233,-0.0394206,-0.2688172,True
0.3754759,-0.1513338,-0.3926535,True
0.3867044,-0.144655,-0.390677,True
0.3978996,-0.1351321,-0.3725204,True
0.4090796,-0.04918528,-0.3406945,True
0.4203978,-0.09096885,-0.3832879,True
0.4316845,-0.1228697,-0.3920503,True
0.4431486,-0.1580513,-0.4046028,True
0.4547205,-0.1411932,-0.431267,True
0.465724,-0.1258461,-0.4618019,True
0.477026,-0.1188028,-0.4715887,True
0.4883175,0.4153817,-0.3870806,False
0.500391,1.201282,0.1959716,False
0.5109243,1.762223,0.5824761,False
0.5224724,2.300939,0.7528512,False
0.5339279,2.503499,0.7055272,False
0.5444851,2.418128,0.6832377,False
0.5555086,2.522074,0.6885897,False
0.566946,2.52956,0.5151756,False
0.5779686,2.341777,0.541164,False
0.588789,2.495826,0.5667287,False
0.5997829,2.623097,0.5767398,False
0.6106358,2.593404,0.5784913,False
0.6215,2.549481,0.5643473,False
0.6327887,2.591531,0.5494431,False
0.6438227,2.429288,0.5183228,False
0.6551161,2.902091,0.8261122,False
0.665946,3.620358,1.05512,False
0.6770878,3.93887,1.07741,False
0.6882954,4.034406,1.125481,False
0.6993141,4.028797,1.139222,False
0.7104836,4.020411,1.018685,False
0.72192,4.023084,1.127477,False
0.7329035,4.158413,1.205879,False
0.7436562,4.205328,1.186363,False
0.7548141,4.195833,1.159168,False
0.7660322,4.155667,1.143256,False
0.7770338,4.114789,1.127903,False
0.7881966,4.133181,1.107223,False
0.799798,4.104931,1.10016,False
0.8105793,4.097726,1.090667,False
0.8215303,4.06548,1.107528,False
0.8326635,4.04087,1.120434,False
0.8438053,4.033897,1.106546,False
0.8547134,4.019388,1.100523,False
0.8659868,4.021636,1.082965,False
0.8770304,3.98232,1.078539,False
0.8881645,3.9733,1.082664,False
0.8993902,3.894274,1.089649,False
0.9103804,3.875422,1.110308,False
0.9219971,3.958005,1.153801,False
0.9329224,3.9148,1.161726,False
0.9436207,3.887254,1.154311,False
0.9548712,3.86799,1.168207,False
0.9661074,3.903564,1.221423,False
0.9769316,3.820806,1.141833,False
0.9880285,3.763887,1.268209,False
0.9992476,3.327003,0.985203,False
1.010288,2.263519,0.4802359,False
1.021765,1.525796,0.1648397,False
1.032502,0.4781339,-0.3499633,False
1.043834,0.06420541,-0.1941794,True
1.054773,-0.1870737,-0.2279566,True
1.06577,-0.2426476,-0.2332462,True
1.076958,-0.2808323,-0.2846746,True
1.088044,-0.2511456,-0.2458547,True
1.099274,-0.2507348,-0.3182814,True
1.110263,-0.2674768,-0.2250327,True
1.121579,-0.2602394,-0.2376878,True
1.132595,-0.2599165,-0.250165,True
1.14362,-0.2376552,-0.3369999,True
1.15475,-0.3322101,-0.2569322,True
1.165741,-0.2916734,-0.2753392,True
1.176802,-0.1619258,-0.3378771,True
1.187883,-0.1903918,-0.2956472,True
1.199003,-0.1821756,-0.2759026,True
1.210312,-0.08147001,-0.4304122,True
1.221956,-0.06215715,-0.2935371,True
1.232363,0.05515718,-0.3580949,True
1.243518,0.02486086,-0.3117129,True
1.254942,0.0530498,-0.3170329,True
1.265652,0.1811728,-0.3248577,True
1.276883,0.1613405,-0.279763,True
1.287887,0.1902063,-0.2360741,True
1.299199,0.1391251,-0.2575502,True
1.310606,0.112272,-0.2668692,True
1.321377,0.1308105,-0.2704539,True
1.33238,0.06024337,-0.2772875,True
1.343747,0.08973265,-0.2434402,True
1.354552,0.07803679,-0.2345293,True
1.365701,0.08985877,-0.2462209,True
1.376754,0.09010124,-0.2367118,True
1.387899,0.1068482,-0.2626078,True
1.399354,0.1334672,-0.2062674,True
1.410244,0.155313,-0.2760658,True
1.421318,0.1799221,-0.2895458,True
1.432635,0.1794584,-0.2833936,True
1.443422,0.1658561,-0.2820194,True
1.454665,0.1627738,-0.2770523,True
1.465569,0.1369197,-0.2745761,True
1.476805,0.07435226,-0.2798691,True
1.487845,0.07827735,-0.2710325,True
1.498974,0.07845974,-0.2669526,True
1.510054,0.07556009,-0.2569685,True
1.522279,0.07480717,-0.2539673,True
1.532403,0.07466125,-0.1720214,True
1.543503,-0.0449748,0.06114095,True
1.554825,-0.01697206,0.004967332,True
1.565546,0.02249289,0.0962916,True
1.576631,0.04965711,0.08003068,True
1.587936,0.04780173,0.09487754,True
1.598828,0.04135156,0.0699538,True
1.610008,-0.006109953,0.05851173,True
1.62112,-0.06997633,0.06054279,True
1.632373,-0.07962966,0.05982617,True
1.643312,-0.08346391,0.05401763,True
1.654419,-0.08231783,0.05163044,True
1.665794,-0.06468129,0.05846217,True
1.676586,-0.05949759,0.06229609,True
1.687773,-0.07545185,0.03865853,True
1.698767,-0.1327581,0.05713376,True
1.709966,-0.1413383,0.05788589,True
1.721041,-0.1437809,0.07350215,True
1.73269,-0.1332076,0.07075998,True
1.743507,-0.1174152,0.06488475,True
1.754494,-0.09383321,0.04427275,True
1.765603,-0.07835007,0.03212789,True
1.776543,-0.07659745,0.04156366,True
1.787678,-0.07411551,0.05068919,True
1.798812,-0.06779599,0.05991769,True
1.809983,-0.0633378,0.06406355,True
1.820927,-0.0584619,0.06447396,True
1.8321,-0.06084847,0.065099,True
1.843252,-0.06582522,0.06136847,True
1.854294,-0.0720644,0.0705092,True
1.865468,-0.06479549,0.06790549,True
1.87682,-0.06334448,0.07018667,True
1.887647,-0.06044221,0.07329792,True
1.898913,-0.05515122,0.07412237,True
1.909813,-0.05381155,0.08429423,True
1.92104,-0.04374957,0.08843249,True
1.932017,-0.03783989,0.093097,True
1.943187,-0.03754783,0.1076645,True
1.954277,-0.03783512,0.08541411,True
1.965758,-0.03555155,0.08219299,True
1.976543,-0.02829242,0.08135402,True
1.987601,-0.02497482,0.08155805,True
1.998712,-0.02384567,0.1028456,True
2.009723,-0.02487779,0.09629709,True
2.020973,-0.02259541,0.09525457,True
2.031977,-0.02074981,0.117961,True
2.043061,-0.01722074,0.1172226,True
2.054746,-0.02051783,0.08424997,True
2.06531,-0.05235529,0.08107263,True
2.076466,-0.05816793,0.08211944,True
2.087497,-0.0669868,0.07953435,True
2.098914,-0.05422163,0.07931066,True
2.109734,-0.04011273,0.07960424,True
2.120996,-0.02258897,0.07833758,True
2.131909,-0.01274323,0.07780707,True
2.143115,0.00466013,0.06639001,True
2.154166,0.003935099,0.06493759,True
2.165234,0.006111145,0.06576872,True
2.176386,0.01294732,0.06152394,True
2.187405,-0.004970551,0.0559192,True
2.198615,-0.0164628,0.03541037,True
2.209888,-0.02349949,0.01687384,True
2.220855,-0.02618575,0.00289768,True
2.231971,-0.02785254,0.02526399,True
2.242957,-0.03840947,0.00755769,True
2.254057,-0.03821373,0.02754736,True
2.265621,-0.05105281,-0.01045984,True
2.276623,-0.04794788,-0.01553413,True
2.287765,-0.04463792,-0.02340648,True
2.298966,-0.03615355,-0.04288697,True
2.310068,-0.03710437,-0.06902552,True
2.321248,-0.04217148,-0.04994169,True
2.332231,-0.05879426,-0.07735509,True
2.343427,-0.07292724,-0.08745125,True
2.354472,-0.07920146,-0.04582134,True
2.365823,-0.05446959,-0.006213486,True
2.37682,-0.04079843,0.01739591,True
2.388062,-0.03437805,-0.020917,True
2.398855,-0.04297924,0.02413088,True
2.409924,0.06164622,-0.02869952,True
2.421517,0.0479176,-0.1437528,True
2.520874,-0.06377411,-0.1576151,True
2.531816,-0.07029557,-0.06003076,True
2.543243,-0.1065795,-0.1256086,True
2.5547,-0.08707309,-0.0330677,True
2.56594,-0.05348039,-0.05648643,True
2.576412,-0.1051464,-0.07961273,True
2.587325,-0.05065417,-0.02817595,True
2.59832,-0.1105344,-0.06165016,True
2.609631,-0.1376653,-0.04893649,True
2.620726,-0.1172121,-0.06094223,True
2.631716,-0.1273813,-0.03280616,True
2.642812,-0.1497655,-0.03440183,True
2.653919,-0.1209655,-0.05866593,True
2.665016,-0.0711205,-0.05671,True
2.676286,0.06062841,-0.1145086,True
2.687293,0.006005764,-0.04556137,True
2.698693,-0.1370735,-0.02191126,True
2.709386,-0.1411638,-0.02679878,True
2.720726,-0.1411755,-0.03126824,True
2.731724,-0.1364119,-0.05018121,True
2.742814,-0.1217537,-0.03767794,True
2.753867,-0.1124434,-0.02696991,True
2.764997,-0.1383109,-0.05642653,True
2.776093,-0.07627892,-0.03368324,True
2.787339,-0.02517462,-0.05895054,True
2.798235,-0.002382278,-0.06701887,True
2.809565,-0.009427309,-0.06951541,True
2.820547,-0.01999235,-0.05407193,True
2.832216,-0.02548361,-0.05438781,True
2.842772,-0.01066756,-0.05385798,True
2.853938,-0.009527922,-0.05292371,True
2.864882,-0.01760817,-0.05303389,True
2.876037,-0.02009583,-0.05510926,True
2.887423,-0.01729918,-0.05635074,True
2.898584,-0.01998949,-0.0476442,True
2.90996,-0.01222014,-0.0470162,True
2.920579,-0.01253104,-0.04618782,True
2.931552,-0.007766247,-0.04908633,True
2.942883,-0.01211953,-0.06059763,True
2.953798,-0.02558875,-0.0561505,True
2.964917,-0.03937888,-0.06134933,True
2.97598,-0.03948426,-0.06311351,True
2.987326,-0.03275108,-0.07337987,True
2.998275,-0.02767587,-0.08354592,True
3.009295,-0.01575494,-0.09194112,True
3.020532,-0.008810043,-0.09712249,True
3.031676,-0.007774353,-0.09992567,True
3.04292,-0.008399487,-0.1096144,True
3.053757,-0.007985353,-0.1108641,True
3.064778,-0.009235144,-0.121613,True
3.076016,-0.003528118,-0.1283891,True
3.087079,-0.005499244,-0.1218149,True
3.09816,-0.003942847,-0.1212906,True
3.10929,-0.00528872,-0.1113818,True
3.120478,-0.00839889,-0.1060718,True
3.131476,-0.008711576,-0.1103453,True
3.142771,-0.0137893,-0.103162,True
3.153732,-0.01088774,-0.1072221,True
3.164825,-0.01098669,-0.09411466,True
3.175887,-0.02352786,-0.08281443,True
3.187406,-0.026214,-0.06351537,True
3.198407,-0.03719223,-0.04682755,True
3.209233,-0.03232157,-0.04848322,True
3.220376,-0.03573775,-0.0408133,True
3.231518,-0.03179765,-0.0397737,True
3.242812,-0.03303969,-0.03604338,True
3.253667,-0.03002858,-0.02412665,True
3.264851,-0.02526891,-0.03676471,True
3.275809,-0.02640712,-0.03365651,True
3.286898,-0.02070749,-0.03033814,True
3.298307,-0.002794862,-0.03209049,True
3.309361,-0.006107807,-0.02846712,True
3.320384,-0.00734961,-0.02546436,True
3.331669,-0.03385961,-0.02174523,True
3.342519,-0.04877996,-0.01874527,True
3.353677,-0.05457187,-0.005281359,True
3.364821,-0.05726278,-0.0004145801,True
3.375987,-0.05581319,-0.002381653,True
3.387288,-0.05726969,0.007663101,True
3.398036,-0.05759132,0.02071604,True
3.409139,-0.0627712,0.01626256,True
3.420278,-0.06816339,0.01491702,True
3.431355,-0.07274508,0.03056872,True
3.442437,-0.07585108,0.02528343,True
3.453828,-0.07947576,0.01989517,True
3.464625,-0.07833672,0.02196747,True
3.475738,-0.07678819,0.02828978,True
3.486897,-0.07732344,0.0414601,True
3.498369,-0.06883228,0.0583622,True
3.509873,-0.05586302,0.05824655,True
3.520314,-0.06260836,0.06053542,True
3.531283,-0.05679989,0.06177501,True
3.542753,-0.0384376,0.05346033,True
3.553509,-0.037503,0.05148873,True
3.564789,-0.0297308,0.05521514,True
3.575765,-0.0183332,0.05437617,True
3.586847,-0.01677752,0.05022787,True
3.597989,-0.01491165,0.04670353,True
3.609268,-0.02050591,0.04618883,True
3.620155,-0.02216434,0.05033614,True
3.631709,-0.02019668,0.05261511,True
3.642346,-0.0154314,0.0508496,True
3.653569,-0.01449943,0.05271474,True
3.664564,-0.01149464,0.05499239,True
3.675796,-0.006628513,0.06742929,True
3.686771,0.0006222725,0.07354024,True
3.69786,0.005384922,0.05560845,True
3.709022,-0.04009604,0.05315056,True
3.720299,-0.05088019,0.05461106,True
3.731211,-0.05430579,0.05689704,True
3.742302,-0.04216766,0.05076772,True
3.753376,-0.0260005,0.05562633,True
3.764725,-0.006834507,0.05592088,True
3.775573,0.007872343,0.06504488,True
3.786798,0.009219408,0.07334171,True
3.797839,0.01388264,0.07407412,True
3.809122,0.01585412,0.08268729,True
3.82013,0.02238488,0.08601619,True
3.831257,0.0243578,0.09411506,True
3.842273,0.04739285,0.1008006,True
3.853334,0.05300117,0.101853,True
3.864974,0.06888008,0.09937787,True
3.875569,0.08416939,0.1040958,True
3.886651,0.1051936,0.1042588,True
3.897855,0.1132972,0.09470865,True
3.908943,0.1182802,0.08006485,True
3.92026,0.114418,0.08140106,True
3.931247,0.1024256,0.08426429,True
3.942257,0.06991053,0.09387085,True
3.953685,0.08403683,0.09337367,True
3.964382,0.1012869,0.0896638,True
3.975678,0.1248896,0.09267983,True
3.986675,-0.1070347,0.2394138,True
3.997657,-0.1358123,0.2797322,True
4.008926,-0.1141274,0.1881956,True
4.020054,-0.1046615,0.2094283,True
4.031087,-0.1134741,0.1838745,True
4.042555,-0.09706163,0.2043511,True
4.053289,-0.08557725,0.2365412,True
4.064472,-0.07647657,0.2386364,True
4.07564,-0.07890964,0.2421729,True
4.086571,-0.08468866,0.2443321,True
4.097693,-0.09268618,0.2477921,True
4.10884,-0.09965062,0.2498087,True
4.120023,-0.1026688,0.2455659,True
4.130915,-0.1037714,0.2395856,True
4.14225,-0.1074369,0.237177,True
4.153281,-0.1034443,0.2381947,True
4.164339,-0.1025708,0.2345525,True
4.175445,-0.1050708,0.2315947,True
4.186584,-0.1041076,0.2298747,True
4.197703,-0.1040945,0.2284851,True
4.208958,-0.1116192,0.2120565,True
4.219942,-0.1146739,0.2019849,True
4.231181,-0.1167932,0.1931938,True
4.24207,-0.1137834,0.19096,True
4.253279,-0.1150475,0.197104,True
4.264309,-0.1157522,0.1933038,True
4.275566,-0.1170802,0.1903346,True
4.286533,-0.1190774,0.1871212,True
4.297614,-0.1201162,0.1895151,True
4.308681,-0.12324,0.1970796,True
4.320154,-0.1186717,0.2024523,True
4.330883,-0.1234496,0.1946784,True
4.34207,-0.1264226,0.1996643,True
4.353087,-0.124692,0.1951838,True
4.364447,-0.1306958,0.1963051,True
4.375422,-0.1278369,0.1957245,True
4.387045,-0.1274703,0.1993564,True
4.397546,-0.1268675,0.2014836,True
4.408817,-0.1276808,0.1993579,True
4.419805,-0.1216505,0.1946409,True
4.430861,-0.1182928,0.1961804,True
4.442077,-0.005461216,0.415801,True
4.453223,0.03282762,0.463607,True
4.464383,0.02848411,0.4557524,True
4.475458,0.04991341,0.4628181,True
4.486528,0.0902319,0.4518084,True
4.49779,0.07998443,0.4426146,True
4.508597,0.08251882,0.5074708,False
4.519793,0.08108211,0.5215748,False
4.530907,0.08710575,0.5316552,False
4.542237,0.09410858,0.5143111,False
4.553026,0.09332609,0.5129563,False
4.56426,0.08464527,0.5190045,False
4.575689,0.08118749,0.5138495,False
4.586353,0.08753252,0.5097097,False
4.597465,0.09310341,0.5107313,False
4.608649,0.09377289,0.5131906,False
4.619759,0.08574486,0.5010996,False
4.63075,0.08228469,0.4930383,False
4.641923,0.07329249,0.4867378,True
4.653058,0.06969738,0.4809674,True
4.664472,0.08619213,0.4772386,True
4.675361,0.09545755,0.464553,True
4.686461,0.09413123,0.4622643,True
4.69769,0.09633064,0.4649593,True
4.708462,0.09996557,0.4747811,True
4.719657,0.1002848,0.4717522,True
4.730868,0.1031504,0.4689376,True
4.741874,0.1001625,0.4739638,True
4.753142,0.1001046,0.4931713,False
4.764028,0.1034441,0.4918272,False
4.775331,0.1070065,0.4912717,False
4.786249,0.1103539,0.4973134,False
4.797369,0.1160383,0.4997859,False
4.808543,0.1256249,0.5062858,False
4.819631,0.1286495,0.519721,False
4.830727,0.1314249,0.5115505,False
4.841902,0.1369951,0.5110025,False
4.853315,0.1288724,0.5193865,False
4.863895,0.1194007,0.5160276,False
4.875205,0.1145992,0.508178,False
4.886322,0.1138165,0.5059341,False
4.897269,0.1057897,0.4987697,False
4.908472,0.09966302,0.4980943,False
4.919664,0.1004395,0.495741,False
4.930622,0.09575462,0.4792121,True
4.941771,0.09006238,0.4810991,True
4.952909,0.09124136,0.4807202,True
4.964049,0.09515476,0.484955,True
4.975182,0.09442472,0.492941,False
4.986441,0.09843349,0.4932751,False
4.99724,0.09509325,0.4926068,False
5.008602,0.1037781,0.491159,False
5.019537,0.02199554,0.3441052,True
5.030616,-0.0841248,0.08288012,True
5.041936,-0.106472,-0.324491,True
5.052872,-0.1181798,-0.310603,True
5.064005,-0.1507359,-0.3150219,True
5.07505,-0.1266901,-0.310861,True
5.086123,-0.1231532,-0.3228033,True
5.097274,-0.1202805,-0.3228644,True
5.10848,-0.1067646,-0.3068962,True
5.119373,-0.1002967,-0.2986776,True
5.130525,-0.1100998,-0.3101379,True
5.141806,-0.07387662,-0.2854207,True
5.152839,-0.05350685,-0.2742481,True
5.163953,-0.05423355,-0.2725309,True
5.17496,-0.06135845,-0.2695596,True
5.186157,-0.06410551,-0.2728988,True
5.197573,-0.07178211,-0.2741148,True
5.20829,-0.1233642,-0.2670096,True
5.21943,-0.1447515,-0.2593332,True
5.23071,-0.1507311,-0.2548982,True
5.242652,-0.1548982,-0.2767106,True
5.253398,-0.1349053,-0.2588835,True
5.264322,-0.05667877,-0.15267,True
5.275373,0.3814733,0.480685,False
5.286641,0.5955408,0.8434948,False
5.297735,0.7182285,1.017669,False
5.308736,0.7801647,1.087169,False
5.319841,0.7803638,1.066449,False
5.330607,0.7621853,1.094094,False
5.341659,0.7874795,1.053433,False
5.35289,0.7819463,1.035374,False
5.363819,0.7397814,1.020044,False
5.374932,0.7465949,1.02658,False
5.38651,0.7586346,1.032264,False
5.397206,0.7710187,1.036711,False
5.408342,0.804387,1.046884,False
5.419352,0.8130298,1.050839,False
5.430521,0.8153636,1.053874,False
5.441811,1.231278,1.305527,False
5.452731,1.183964,1.271443,False
5.46364,1.218445,1.320505,False
5.475031,1.23472,1.245231,False
5.48597,1.242483,1.257686,False
5.497042,1.253363,1.268343,False
5.508155,1.302006,1.294442,False
5.519651,1.301237,1.292185,False
5.530477,1.296061,1.296862,False
5.541615,1.27985,1.298972,False
5.55263,1.282435,1.302823,False
5.563776,1.285859,1.302924,False
5.574813,1.280604,1.304539,False
5.586032,1.285724,1.30233,False
5.597425,1.280428,1.30276,False
5.608201,1.273402,1.308331,False
5.619283,1.270889,1.314638,False
5.631235,1.265764,1.312715,False
5.641502,1.273993,1.313396,False
5.652786,1.273078,1.308925,False
5.663844,1.277551,1.308933,False
5.674762,1.268024,1.302256,False
5.685788,1.277426,1.289332,False
5.696999,1.279608,1.291515,False
5.708036,1.317951,1.187608,False
5.719305,0.8226407,0.8288259,False
5.730418,0.4766402,0.5604877,False
5.741838,-0.1656578,-0.246175,True
5.75244,-0.1438947,-0.357555,True
5.763626,-0.1513429,-0.268587,True
5.774639,-0.3042808,-0.3301146,True
5.786074,-0.2817771,-0.3081432,True
5.796909,-0.2087595,-0.2723179,True
5.808143,-0.1620927,-0.2255656,True
5.819131,-0.01518035,-0.2562814,True
5.830417,0.006599903,-0.2656763,True
5.841438,0.01718783,-0.2681878,True
5.852607,0.01486397,-0.2545734,True
5.863482,-0.01142097,-0.2674082,True
5.874852,-0.07541347,-0.2669378,True
5.885893,-0.07271743,-0.255349,True
5.896801,-0.06381059,-0.2571273,True
5.908068,-0.06757283,-0.2545755,True
5.919182,-0.08293843,-0.2616095,True
5.930218,-0.1090982,-0.2663929,True
5.941515,-0.1572623,-0.2600357,True
5.952814,-0.1723194,-0.2520627,True
5.963475,-0.1804104,-0.2517748,True
5.974709,-0.1705453,-0.2393721,True
5.985789,-0.1711919,-0.2400264,True
5.996799,-0.1526706,-0.2411869,True
6.008038,-0.1063423,-0.2535853,True
6.018972,-0.08718634,-0.2535944,True
6.030362,-0.07640648,-0.2418862,True
6.041942,-0.04618764,-0.2554457,True
6.052566,-0.03472185,-0.2407555,True
6.064007,-0.02531576,-0.2452033,True
6.074695,-0.02846479,-0.2493821,True
6.085734,-0.02915883,-0.2336905,True
6.096949,-0.03483939,-0.279768,True
6.107986,-0.3660858,-0.7948298,False
6.119072,-0.5016916,-1.167459,False
6.130272,-0.6371706,-1.495724,False
6.141205,-0.8248267,-2.01841,False
6.152393,-0.8090184,-2.228103,False
6.163462,-0.7704291,-2.318789,False
6.174597,-0.8513451,-2.313608,False
6.185871,-0.8016822,-2.333265,False
6.196711,-0.7973697,-2.331831,False
6.207949,-0.8146162,-2.412781,False
6.218933,-0.8220031,-2.384659,False
6.230103,-0.8290036,-2.380392,False
6.241302,-0.8425522,-2.435271,False
6.252422,-0.8408322,-2.402937,False
6.263842,-0.7890913,-2.421765,False
6.274469,-0.8203533,-2.459174,False
6.285759,-0.8668501,-2.48056,False
6.296598,-0.8570387,-2.406418,False
6.307711,-0.8720977,-2.611904,False
6.318935,-0.7888272,-2.716624,False
6.330189,-0.8604925,-2.876721,False
6.341167,-0.8878105,-3.05908,False
6.352261,-0.8903794,-3.208492,False
6.3636,-0.9109325,-3.230286,False
6.374407,-0.9017794,-3.107844,False
6.385597,-0.9256949,-3.137817,False
6.396948,-0.9065404,-3.076751,False
6.408089,-0.8943808,-3.146534,False
6.418863,-0.8922598,-3.170704,False
6.430071,-0.8857613,-3.177305,False
6.441101,-0.8716671,-3.193674,False
6.452152,-0.8829188,-3.182684,False
6.463491,-0.8809006,-3.18735,False
6.474386,-0.8829973,-3.18167,False
6.485519,-0.894542,-3.174743,False
6.496695,-0.894758,-3.171406,False
6.507721,-0.897558,-3.178657,False
6.518833,-0.901782,-3.176425,False
6.529875,-0.9078798,-3.177584,False
6.541241,-0.8984232,-3.1842,False
6.552179,-0.9020827,-3.185848,False
6.563486,-0.9005477,-3.173748,False
6.574699,-0.9037061,-3.164377,False
6.585503,-0.9017258,-3.164393,False
6.596567,-0.9034305,-3.169263,False
6.607605,-0.9063256,-3.173176,False
6.618731,-0.9034011,-3.165928,False
6.630032,-0.8987181,-3.201514,False
6.641031,-0.8234463,-3.200098,False
6.652138,-1.022844,-3.313143,False
6.663275,-0.9772868,-3.798866,False
6.674606,-1.112894,-4.153679,False
6.685371,-1.193124,-4.072879,False
6.696569,-1.185718,-4.096588,False
6.707659,-1.129446,-4.145647,False
6.71888,-1.137375,-4.164003,False
6.729864,-1.128363,-4.160999,False
6.740929,-1.118629,-4.164909,False
6.751984,-1.138017,-4.169544,False
6.763462,-1.158473,-4.183798,False
6.774477,-1.157129,-4.192943,False
6.785412,-1.169168,-4.18784,False
6.796774,-1.180017,-4.184529,False
6.807621,-1.173408,-4.190082,False
6.819157,-1.166746,-4.190892,False
6.830093,-1.165116,-4.203587,False
6.841324,-1.177778,-4.203374,False
6.852062,-1.179368,-4.207273,False
6.863152,-1.337275,-4.279938,False
6.874477,-1.67901,-4.095149,False
6.885403,-1.728598,-4.050925,False
6.896713,-1.720958,-4.032862,False
6.907516,-1.72864,-4.029951,False
6.918653,-1.713835,-4.050778,False
6.929781,-1.695396,-4.036595,False
6.940922,-1.677564,-4.069487,False
6.95187,-1.667787,-4.059348,False
6.963062,-1.654828,-4.06321,False
6.974546,-1.64676,-4.049458,False
6.98531,-1.645426,-4.053952,False
6.996418,-1.643926,-4.052277,False
7.007551,-1.646897,-4.045152,False
7.018566,-1.662752,-4.047688,False
7.030003,-1.661756,-4.047079,False
7.041029,-1.664559,-4.044059,False
7.051996,-1.657826,-4.042861,False
7.062967,-1.657592,-4.054269,False
7.074152,-1.657661,-4.046708,False
7.085268,-1.663766,-4.049687,False
7.096485,-1.66675,-4.059738,False
7.107468,-1.671247,-4.063103,False
7.118574,-1.679711,-4.055617,False
7.129641,-1.678713,-4.05096,False
7.14081,-1.662053,-4.057301,False
7.151854,-1.658235,-4.058192,False
7.162924,-1.658725,-4.057729,False
7.174337,-1.665627,-4.055212,False
7.185335,-1.66333,-4.059173,False
7.196259,-1.659766,-4.053161,False
7.207565,-1.670003,-4.057244,False
7.218477,-1.656514,-4.055784,False
7.229746,-1.642519,-4.067069,False
7.240763,-1.645811,-4.05084,False
7.251833,-1.643858,-4.036175,False
7.262903,-1.664049,-4.047037,False
7.273983,-1.646086,-4.042488,False
7.285528,-1.663489,-4.04855,False
7.296244,-1.667991,-4.023894,False
7.307379,-1.647777,-4.037539,False
7.31921,-1.656216,-4.024645,False
7.329538,-1.651572,-4.042144,False
7.340872,-1.648399,-4.040057,False
7.35187,-1.644727,-4.039627,False
7.362862,-1.640618,-4.034494,False
7.373957,-1.642724,-4.007349,False
7.385063,-1.640566,-3.936431,False
7.396538,-1.648973,-3.939042,False
7.407364,-1.573263,-4.003674,False
7.418367,-1.678819,-3.959391,False
7.429626,-1.650188,-3.970208,False
7.441074,-1.6556,-3.943937,False
7.451925,-1.653198,-3.960969,False
7.463181,-1.64913,-3.980192,False
7.474134,-1.641388,-3.963574,False
7.485207,-1.642813,-3.97863,False
7.496584,-1.633449,-3.980201,False
7.507347,-1.633745,-3.976388,False
7.518448,-1.629373,-3.97688,False
7.52944,-1.602756,-3.972668,False
7.540781,-1.587902,-3.970981,False
7.551695,-1.595919,-3.96809,False
7.562706,-1.5756,-3.96643,False
7.573959,-1.52656,-3.964761,False
7.585033,-1.513502,-3.956877,False
7.596092,-1.52092,-3.957916,False
7.607323,-1.514708,-3.94767,False
7.61828,-1.512394,-3.93166,False
7.629435,-1.510982,-3.932433,False
7.640501,-1.510781,-3.908654,False
7.652006,-1.512094,-3.917772,False
7.662846,-1.512235,-3.905538,False
7.673939,-1.526146,-3.911607,False
7.684849,-1.530931,-3.90721,False
7.696064,-1.534371,-3.894878,False
7.707249,-1.571522,-3.934654,False
7.718239,-1.573912,-3.937675,False
7.729471,-1.576249,-3.932399,False
7.740582,-1.578195,-3.930452,False
7.751637,-1.586202,-3.92907,False
7.762693,-1.587342,-3.929991,False
7.773809,-1.628245,-3.934973,False
7.784895,-1.634005,-3.960694,False
7.795975,-1.640099,-3.964217,False
7.807274,-1.642981,-3.965028,False
7.818249,-1.632623,-3.970138,False
7.829395,-1.6202,-3.976281,False
7.84034,-1.605433,-3.971309,False
7.851534,-1.606422,-3.969084,False
7.862656,-1.55775,-3.950383,False
7.873955,-1.561065,-3.948767,False
7.884863,-1.56423,-3.964511,False
7.895926,-1.564209,-3.952584,False
7.907293,-1.572216,-3.942307,False
7.918194,-1.578809,-3.9561,False
7.929373,-1.579398,-3.948177,False
7.940508,-1.59992,-3.97383,False
7.951698,-1.59831,-3.979727,False
7.962763,-1.599284,-3.978551,False
7.973751,-1.596483,-3.974262,False
7.984894,-1.574854,-4.304625,False
7.995876,-1.610039,-4.601374,False
8.007076,-1.537086,-4.678585,False
8.018143,-1.666835,-4.674749,False
8.029156,-1.64077,-4.685668,False
8.040447,-1.633487,-4.696126,False
8.051706,-1.618361,-4.686943,False
8.063021,-1.61115,-4.680183,False
8.073801,-1.598861,-4.676819,False
8.085087,-1.599055,-4.677395,False
8.095938,-1.588622,-4.682745,False
8.107048,-1.585502,-4.676376,False
8.118206,-1.582153,-4.674929,False
8.12929,-1.58258,-4.677807,False
8.140535,-1.577007,-4.67747,False
8.151371,-1.581546,-4.679801,False
8.163019,-1.565218,-4.692972,False
8.173712,-1.596559,-4.703748,False
8.184818,-1.594224,-4.708288,False
8.195879,-1.59366,-4.7054,False
8.206985,-1.571691,-4.68688,False
8.218019,-1.556593,-4.659995,False
8.229233,-1.545238,-4.665605,False
8.240467,-1.556866,-4.630069,False
8.251736,-1.576141,-4.625007,False
8.262482,-1.573038,-4.629991,False
8.273968,-1.568905,-4.641507,False
8.284615,-1.567394,-4.644331,False
8.295778,-1.564342,-4.645754,False
8.306793,-1.504788,-4.082264,False
8.318043,-1.51202,-4.074836,False
8.329262,-1.546273,-4.161692,False
8.340424,-1.540543,-4.15211,False
8.351278,-1.514126,-4.12408,False
8.362694,-1.468023,-4.115417,False
8.373823,-1.424663,-4.093128,False
8.384655,-1.411017,-4.095388,False
8.395985,-1.429409,-4.098881,False
8.406887,-1.411236,-4.080407,False
8.418007,-1.418933,-4.089825,False
8.429201,-1.421138,-4.08574,False
8.440344,-1.425952,-4.079813,False
8.451361,-1.413896,-4.069242,False
8.46257,-1.412843,-4.056284,False
8.473728,-1.424106,-4.057635,False
8.4846,-1.424758,-4.054338,False
8.495846,-1.425395,-4.058896,False
8.506702,-1.431429,-4.059545,False
8.517881,-1.433632,-4.071408,False
8.528971,-1.433697,-4.081803,False
8.540211,-1.438046,-4.073496,False
8.551287,-1.436281,-4.08077,False
8.562328,-1.452949,-4.081184,False
8.573586,-1.453958,-4.085177,False
8.585169,-1.456439,-4.086257,False
8.595543,-1.458277,-4.093708,False
8.606857,-1.466567,-4.106411,False
8.617775,-1.531021,-4.257326,False
8.628983,-1.475184,-4.216118,False
8.640053,-1.719617,-4.259246,False
8.706905,-1.645667,-4.530782,False
8.717726,-1.623347,-4.502326,False
8.728865,-1.535907,-4.685137,False
8.740273,-1.536506,-4.73589,False
8.751066,-1.577856,-4.441634,False
8.762644,-1.412628,-4.483572,False
8.77338,-1.470877,-4.267932,False
8.784506,-1.494614,-4.272722,False
8.795555,-1.510981,-4.271649,False
8.806793,-1.530073,-4.286673,False
8.817686,-1.519133,-4.279443,False
8.829,-1.508654,-4.281679,False
8.840006,-1.497172,-4.280159,False
8.851004,-1.494034,-4.270745,False
8.862103,-1.491221,-4.265005,False
8.87339,-1.486753,-4.267665,False
8.884493,-1.480955,-4.257208,False
8.895912,-1.478018,-4.249923,False
8.906687,-1.488655,-4.222619,False
8.917738,-1.491368,-4.221237,False
8.928801,-1.513694,-4.221043,False
8.939983,-1.505127,-4.21277,False
8.951096,-1.495288,-4.212386,False
8.962162,-1.502284,-4.203375,False
8.973577,-1.485464,-4.187908,False
8.984365,-1.367844,-3.709019,False
8.995514,-1.539221,-3.611292,False
9.006714,-1.299927,-2.753015,False
9.262045,-1.761301,0.6787913,False
9.27319,-1.947144,0.7848917,False
9.284296,-1.913959,0.7964911,False
9.295235,-1.886997,0.7423911,False
9.306616,-2.015829,0.7096831,False
9.317507,-1.986873,0.6717696,False
9.328562,-1.99293,0.6907926,False
9.339924,-2.549864,1.196082,False
9.350914,-2.639253,1.317349,False
9.362116,-3.051325,1.616274,False
9.373177,-3.351447,1.84337,False
9.384819,-3.190192,1.686038,False
9.395407,-3.145921,1.701306,False
9.406443,-2.948259,1.632345,False
9.41748,-2.947808,1.623883,False
9.428951,-2.945921,1.623719,False
9.43993,-2.961257,1.646653,False
9.45076,-2.942907,1.654022,False
9.46183,-2.942711,1.655029,False
9.473148,-2.944058,1.652702,False
9.484068,-2.946851,1.649207,False
9.495308,-2.954205,1.642381,False
9.506327,-2.94061,1.632379,False
9.517614,-2.935588,1.634796,False
9.528555,-2.921707,1.632815,False
9.539951,-2.92521,1.642403,False
9.550751,-2.929935,1.643034,False
9.561861,-2.92636,1.640595,False
9.573116,-2.930938,1.639798,False
9.584116,-2.927092,1.6363,False
9.595079,-2.922738,1.637764,False
9.606419,-2.921342,1.636864,False
9.617397,-2.917478,1.64718,False
9.628485,-2.917234,1.647668,False
9.639654,-2.914787,1.648998,False
9.650686,-2.926141,1.649762,False
9.661861,-2.903985,1.641142,False
9.673126,-2.925378,1.6326,False
9.683952,-2.928632,1.632602,False
9.69541,-2.930982,1.630606,False
9.706347,-2.922416,1.626361,False
9.717434,-2.928314,1.630781,False
9.728491,-2.929069,1.62116,False
9.739855,-2.934349,1.607154,False
9.750904,-2.940642,1.609556,False
9.761833,-2.942574,1.604217,False
9.77301,-2.951262,1.619802,False
9.78392,-2.94665,1.615494,False
9.795002,-3.00773,1.617423,False
9.806311,-2.429673,1.789817,False
9.817408,-2.377505,1.843587,False
9.828604,-2.008173,1.902292,False
9.839697,-1.833105,1.944693,False
9.850679,-1.856083,1.941214,False
9.861828,-1.891761,1.896968,False
9.872871,-1.870415,1.893597,False
9.883848,-1.872727,1.91202,False
9.895052,-1.876136,1.912356,False
9.906155,-1.861369,1.881108,False
9.917217,-1.860049,1.890197,False
9.9284,-1.862294,1.885818,False
9.93956,-1.862848,1.880695,False
9.950493,-1.864872,1.868773,False
9.961702,-1.862205,1.864331,False
9.972788,-1.859326,1.856137,False
9.983961,-1.852433,1.849954,False
9.994921,-1.852694,1.844077,False
10.00619,-1.852226,1.848449,False
10.01751,-1.859379,1.85076,False
10.02886,-1.855358,1.84851,False
10.03965,-1.854319,1.843696,False
10.05058,-1.855292,1.843605,False
10.06175,-1.833272,1.917332,False
10.07299,-1.169947,2.225662,False
10.08377,-0.7365632,2.219257,False
10.0949,-0.4847565,2.316553,False
10.10611,0.2873821,2.321693,False
10.11721,0.4421103,2.390672,False
10.12822,0.803875,2.320178,False
10.13972,1.198212,2.380451,False
10.15051,1.59489,2.389645,False
10.16165,1.561601,2.384754,False
10.17269,1.484049,2.337133,False
10.18383,1.511604,2.333757,False
10.19491,1.579807,2.352361,False
10.20604,1.572647,2.360934,False
10.21711,1.569112,2.362012,False
10.22831,1.566792,2.350961,False
10.23957,2.058188,2.32875,False
10.25043,2.495296,2.16097,False
10.26155,2.894998,1.955131,False
10.27291,3.594483,1.655315,False
10.28378,3.9186,1.497745,False
10.29497,4.135247,1.39184,False
10.30591,4.505621,0.7305673,False
10.31741,4.662152,0.5249173,False
10.32829,4.666687,0.2365407,False
10.33949,4.713122,0.3552105,False
10.3504,4.727408,0.3410614,False
10.36185,4.741215,0.3667398,False
10.3727,4.72367,0.3593024,False
10.38379,4.727367,0.4089297,False
10.39498,4.638028,0.4615189,False
10.40608,4.809308,0.4007636,False
10.41691,4.777569,0.3894286,False
10.42821,4.792889,0.4055518,False
10.43931,4.782507,0.3978215,False
10.45053,4.784409,0.3929325,False
10.46137,4.783259,0.3935687,False
10.47283,4.768083,0.3939959,False
10.48365,4.773947,0.3916137,False
10.49471,4.791038,0.3862947,False
10.50608,4.804977,0.3635473,False
10.51702,4.818759,0.358119,False
10.52799,4.810338,0.3472505,False
10.53918,4.808391,0.3449389,False
10.55027,4.786939,0.3507328,False
10.56178,4.787379,0.3512781,False
10.57253,4.786674,0.3524628,False
10.58362,4.778366,0.3775922,False
10.59469,4.797543,0.3711094,False
10.60588,4.786099,0.3523186,False
10.61693,4.790825,0.3512228,False
10.63379,4.788305,0.3626298,False
10.63939,4.794406,0.3753143,False
10.65089,4.77744,0.3786341,False
10.66134,4.77603,0.3723369,False
10.67259,4.786835,0.4013959,False
10.68369,4.777742,0.3926354,False
10.69482,4.781585,0.3879327,False
10.70586,4.783267,0.3697138,False
10.71698,4.784196,0.3694664,False
10.72793,4.789362,0.3730496,False
10.73914,4.769772,0.3642053,False
10.75012,4.776209,0.366214,False
10.76156,4.766338,0.3514808,False
10.77265,4.7767,0.3514385,False
10.7836,4.980606,0.4566161,False
10.79473,4.121986,0.5507486,False
10.80586,2.942769,0.6946452,False
10.81688,2.363753,0.6631831,False
10.82795,1.855419,0.5931333,False
10.83918,1.439496,0.5136186,False
10.85032,1.426003,0.5012395,False
10.8616,1.256111,0.3713353,False
10.87243,1.30068,0.4918391,False
10.88343,1.338573,0.4437746,False
10.89452,1.358788,0.4618344,False
10.90579,1.522914,0.5146533,False
10.91692,1.519018,0.5163105,False
10.92793,1.530985,0.5143105,False
10.93924,1.522198,0.4975034,False
10.95014,1.523222,0.4945466,False
10.9612,1.516843,0.4970834,False
10.9724,1.503187,0.5194076,False
10.98395,1.281018,0.4430487,False
10.99479,0.8088392,0.4352093,False
11.0056,0.1285393,0.1607525,True
11.0167,-0.5250189,0.04165377,False
11.02788,-0.7243493,0.1632496,False
11.0391,-1.246068,0.2093679,False
11.05007,-1.472457,0.1001966,False
11.06112,-2.092732,-0.06970078,False
11.07262,-2.57199,-0.124194,False
11.08335,-2.812692,-0.2113391,False
11.09456,-3.175801,-0.3937604,False
11.10573,-3.023126,-0.1963612,False
11.11675,-3.242128,-0.3345839,False
11.12778,-2.920243,-0.3530814,False
11.13901,-3.127916,-0.2931556,False
11.15003,-3.12553,-0.2791913,False
11.16135,-2.980345,-0.3544602,False
11.17221,-3.058157,-0.2554497,False
11.18344,-3.10726,-0.2558269,False
11.19446,-3.149911,-0.2521286,False
11.20559,-3.074142,-0.06391171,False
11.21669,-3.165043,-0.0542675,False
11.2279,-2.533173,0.4475845,False
11.23886,-2.745324,1.012122,False
11.25001,-3.014566,1.427676,False
11.26105,-2.88783,1.590921,False
11.2722,-3.111344,1.810148,False
11.28325,-3.504115,1.932055,False
11.29439,-3.611724,2.141719,False
11.3055,-3.58459,2.193183,False
11.31668,-3.603503,2.224558,False
11.32777,-3.558339,2.193491,False
11.33899,-3.528039,2.170708,False
11.34989,-3.557437,2.173041,False
11.36111,-3.555218,2.167861,False
11.37237,-3.554034,2.157723,False
11.38339,-3.56776,2.147258,False
11.39459,-3.580254,2.151483,False
11.4058,-3.581738,2.143127,False
11.41647,-3.58269,2.146538,False
11.42765,-3.584872,2.140498,False
11.439,-3.591665,2.124319,False
11.44987,-3.598686,2.130181,False
11.46089,-3.584264,2.121813,False
11.47228,-3.558305,2.105038,False
11.48413,-3.558898,2.096383,False
11.49448,-3.558524,2.093482,False
11.50537,-3.554767,2.096035,False
11.5166,-3.557119,2.095907,False
11.52754,-3.556487,2.09474,False
11.53898,-3.611258,2.162672,False
11.54979,-3.154296,2.048846,False
11.56099,-3.12784,1.851226,False
11.66081,-1.188238,-0.4771007,False
11.67216,-1.063534,-0.5714605,False
11.68313,-1.101965,-0.4965948,False
11.69426,-1.055331,-0.4926246,False
11.70588,-1.145773,-0.2308653,False
11.71643,-1.137599,-0.3123939,False
11.72759,-1.187179,-0.1345247,False
11.73888,-1.121193,-0.1263522,False
11.74973,-1.3207,-0.1397956,False
11.76085,-1.129471,-0.1639404,False
11.77189,-1.193435,-0.2458747,False
11.78305,-1.178995,-0.2260728,False
11.79415,-1.143802,-0.1745698,False
11.80526,-1.222012,-0.2424196,False
11.81638,-1.208733,-0.2514813,False
11.82744,-1.202274,-0.2553945,False
11.83871,-1.179646,-0.2615811,False
11.84986,-1.172236,-0.2774368,False
11.86071,-1.170605,-0.277312,False
11.87208,-1.205709,-0.2872286,False
11.88311,-1.195343,-0.3104146,False
11.89413,-1.180315,-0.2956441,False
11.90541,-1.171403,-0.3095741,False
11.91642,-1.17718,-0.3092744,False
11.92736,-1.184422,-0.3039064,False
11.93878,-1.21044,-0.2839891,False
11.94969,-1.214536,-0.2723893,False
11.96063,-1.183597,-0.3027711,False
11.97177,-0.4865437,-0.277868,False
11.98303,-0.266151,-0.09907211,True
11.99417,-0.05739427,-0.1102223,True
12.00527,-0.1469848,-0.2262434,True
12.01629,-0.1402986,-0.1573019,True
12.02738,-0.1010938,-0.1567954,True
12.03852,-0.169894,-0.1620582,True
12.04963,-0.1184449,-0.1161576,True
12.06073,-0.1452906,-0.1505055,True
12.07177,-0.101398,-0.1342613,True
12.08283,-0.03404212,-0.1184232,True
12.09402,-0.03154898,-0.1174794,True
12.10517,-0.03882289,-0.1199989,True
12.11629,-0.04869843,-0.122629,True
12.12725,-0.0521493,-0.1313101,True
12.13846,-0.04914236,-0.1348576,True
12.14984,-0.06049466,-0.1402189,True
12.16082,-0.07112241,-0.1439089,True
12.17175,-0.07066679,-0.1327089,True
12.18282,-0.07253885,-0.1324012,True
12.1939,-0.0169208,-0.1283097,True
12.20553,0.03048038,-0.09123431,True
12.21614,0.1598005,-0.1634563,True
12.22738,0.1300926,-0.1691097,True
12.23838,0.02092671,-0.1858412,True
12.24951,-0.01295972,-0.2360851,True
12.33849,-0.3303201,-2.074533,False
12.34939,-0.215951,-1.383715,False
12.36065,-0.2510383,-1.168961,False
12.37173,-0.2690756,-0.6838541,False
12.38269,-0.3423743,-0.4439854,False
12.39405,-0.2609065,-0.4856098,False
12.40506,-0.3477025,-0.5700222,False
12.41607,-0.4444242,-0.4108742,False
12.42714,-0.4229379,-0.4081167,False
12.43839,-0.3890331,-0.396275,False
12.44947,-0.3410323,-0.4431983,False
12.46041,-0.3566,-0.3787633,False
12.47182,-0.3535268,-0.3556457,False
12.48275,-0.2904518,-0.3897218,True
12.49385,-0.3454525,-0.3836504,False
12.50493,-0.3754406,-0.4080862,False
12.51598,-0.4035747,-0.718498,False
12.52719,-0.6964936,-1.02474,False
12.53839,-0.9182823,-1.781143,False
12.54946,-0.9615796,-1.99352,False
12.56042,-0.9032996,-2.060535,False
12.57166,-0.8595264,-2.069955,False
12.58275,-0.8632081,-2.082145,False
12.59392,-0.898731,-2.076178,False
12.6049,-0.9315667,-2.083509,False
12.61598,-0.9331391,-2.084574,False
12.62728,-0.9402297,-2.084576,False
12.63823,-0.9369888,-2.090232,False
12.64928,-0.9336677,-2.089748,False
12.66043,-0.9413114,-2.08852,False
12.67185,-0.9438839,-2.084443,False
12.68285,-0.9477873,-2.094664,False
12.69364,-0.9357402,-2.095109,False
12.70484,-0.9323525,-2.120704,False
12.71598,-0.9261003,-2.120999,False
12.72698,-0.9276302,-2.120798,False
12.73818,-0.9228935,-2.120863,False
12.7493,-0.9173567,-2.117775,False
12.76041,-0.9150407,-2.122976,False
12.77162,-0.9529819,-1.993729,False
12.78279,-0.7926223,-1.54288,False
12.79375,-0.7262053,-1.098734,False
12.80473,-0.4953539,-0.4888827,False
12.81594,-0.4690261,-0.4637846,False
12.82696,-0.4494424,-0.5208537,False
12.83813,-0.51791,-0.5157911,False
12.84926,-0.4799297,-0.545909,False
12.86027,-0.4655616,-0.5419099,False
12.87145,-0.4653602,-0.5469577,False
12.88251,-0.4404621,-0.5154346,False
12.89377,-0.4129784,-0.5285501,False
12.90482,-0.3985002,-0.5460981,False
12.91584,-0.4007194,-0.5403925,False
12.92697,-0.4138381,-0.5195882,False
12.93832,-0.4425905,-0.4891056,False
12.94924,-0.4555299,-0.4780614,False
12.96031,-0.4434042,-0.4386112,False
12.97173,-0.1761713,-0.1895707,True
12.9825,-0.1626389,-0.187951,True
12.9936,-0.158953,-0.1087464,True
13.0047,-0.1862519,-0.1514475,True
13.01581,-0.2079024,-0.1773933,True
13.02704,-0.2254822,-0.2034916,True
13.03795,-0.1248896,-0.1433267,True
13.04917,-0.06639791,-0.1315495,True
13.06021,-0.1046305,-0.1326089,True
13.07135,-0.1725154,-0.1477664,True
13.08247,-0.1958189,-0.1525124,True
13.09373,-0.2004921,-0.1516251,True
13.10501,-0.1992674,-0.1465483,True
13.11575,-0.1964135,-0.1480947,True
13.12686,-0.1901555,-0.149385,True
13.13802,-0.1281221,-0.1407263,True
13.14918,-0.1148002,-0.1371774,True
13.16017,-0.1039314,-0.1389921,True
13.17127,-0.1084943,-0.1317947,True
13.18241,-0.1052201,-0.1456021,True
13.19368,-0.09979868,-0.1487091,True
13.20463,-0.09199786,-0.1547536,True
13.21579,-0.0940032,-0.1599,True
13.22679,-0.09232259,-0.1572722,True
13.23784,-0.09839392,-0.1606597,True
13.24936,-0.09601951,-0.1670446,True
13.26016,-0.08800077,-0.1703776,True
13.2715,-0.08891726,-0.2044465,True
13.28237,-0.09059,-0.2043495,True
13.29364,-0.08797145,-0.2037015,True
13.30443,-0.1584928,-0.1848382,True
13.31568,-0.1806686,-0.1865304,True
13.32673,-0.188411,-0.186317,True
13.33781,-0.1911931,-0.1789427,True
13.34919,-0.1916373,-0.1806417,True
13.36006,-0.162837,-0.1871006,True
13.37148,-0.08463645,-0.1887651,True
13.38226,-0.09101343,-0.1909939,True
13.39361,-0.09737062,-0.1865054,True
13.40508,-0.1024055,-0.1877084,True
13.41561,-0.1121514,-0.1871629,True
13.42696,-0.1112192,-0.1893657,True
13.43787,-0.1121941,-0.1930786,True
13.44901,-0.1110599,-0.1951905,True
13.45999,-0.1592777,-0.1969515,True
13.47121,-0.2142837,-0.2182838,True
13.48226,-0.221936,-0.2201458,True
13.49331,-0.2188592,-0.2106522,True
13.50462,-0.2094684,-0.200749,True
13.5157,-0.1916633,-0.2151885,True
13.52666,-0.1585088,-0.2185795,True
13.53769,-0.1099567,-0.2121794,True
13.54893,-0.1066613,-0.207786,True
13.56019,-0.1064835,-0.2114011,True
13.57107,-0.100446,-0.2175112,True
13.58259,-0.09810901,-0.2145025,True
13.59336,-0.09853435,-0.2150419,True
13.60462,-0.09951496,-0.2069655,True
13.61551,-0.1023386,-0.2177431,True
13.62662,-0.1126378,-0.2286277,True
13.6377,-0.1156249,-0.2326109,True
13.64898,-0.1152618,-0.2384876,True
13.65986,-0.1174531,-0.2362688,True
13.67106,-0.1213789,-0.2388804,True
13.68222,-0.1203771,-0.2336314,True
13.69333,-0.1272006,-0.2310365,True
13.70436,-0.131161,-0.2269135,True
13.7157,-0.1292298,-0.2237952,True
13.72677,-0.1312242,-0.2230705,True
13.73759,-0.1260598,-0.2231193,True
13.74882,-0.1247921,-0.2025515,True
13.75988,-0.1273222,-0.2031112,True
13.77092,-0.1244659,-0.2015928,True
13.78211,-0.1223979,-0.1946677,True
13.79338,-0.1178899,-0.1956827,True
13.8047,-0.1199715,-0.1791231,True
13.81537,-0.1179512,-0.1743715,True
13.82665,-0.1180415,-0.172057,True
13.83796,-0.114908,-0.1741347,True
13.84868,-0.1124139,-0.1777971,True
13.85979,-0.1191292,-0.1784854,True
13.87114,-0.1229036,-0.203064,True
13.88205,-0.10324,-0.200948,True
13.89314,-0.1084569,-0.197498,True
13.90444,-0.1206677,-0.2106991,True
13.91562,-0.1217062,-0.2197631,True
13.92653,-0.1233363,-0.224476,True
13.93758,-0.121721,-0.2209383,True
13.94881,-0.1147878,-0.222461,True
13.95987,-0.1103919,-0.213676,True
13.97088,-0.1092155,-0.2115341,True
13.98214,-0.1112001,-0.2102785,True
13.99314,-0.1077185,-0.2086462,True
14.00426,-0.1098697,-0.202716,True
14.01534,-0.1115425,-0.2018836,True
14.02677,-0.1101649,-0.2229452,True
14.03757,-0.1007123,-0.224014,True
14.04879,-0.1009741,-0.2179423,True
14.05969,-0.103148,-0.2143444,True
14.07082,-0.09301448,-0.2070135,True
14.08201,-0.09313345,-0.2089243,True
14.09315,-0.1005464,-0.2048526,True
14.10423,-0.08709025,-0.1768897,True
14.11555,-0.08613753,-0.1737345,True
14.1264,-0.08883166,-0.1697502,True
14.13753,-0.08911991,-0.1637682,True
14.14863,-0.1467786,-0.1672411,True
14.1597,-0.1488392,-0.1615739,True
14.1708,-0.157552,-0.2180357,True
14.18229,-0.1621122,-0.2347693,True
14.19297,-0.1648536,-0.2339441,True
14.20438,-0.1574256,-0.2404966,True
14.21519,-0.1449378,-0.222803,True
14.22636,-0.1257122,-0.1574003,True
14.23741,-0.1320369,-0.1621785,True
14.2488,-0.1597853,-0.1752516,True
14.25975,-0.1601088,-0.1763074,True
14.2708,-0.1553292,-0.1709981,True
14.28182,-0.1656356,-0.169398,True
14.29296,-0.1666687,-0.1671916,True
14.30398,-0.1710758,-0.1647014,True
14.31526,-0.1677308,-0.1551983,True
14.32626,-0.1772583,-0.1843742,True
14.33765,-0.1756225,-0.178552,True
14.34859,-0.1613276,-0.1838073,True
14.35962,-0.1496637,-0.1869749,True
14.37067,-0.1497886,-0.1886731,True
14.38182,-0.1479619,-0.1847443,True
14.39316,-0.1486058,-0.172312,True
14.40406,-0.0996778,-0.1663379,True
14.41522,-0.09727859,-0.1678943,True
14.42627,-0.1019273,-0.1763408,True
14.43737,-0.1040235,-0.1943789,True
14.44862,-0.1728787,-0.2028441,True
14.45947,-0.1265912,-0.2427997,True
14.47066,-0.0988338,-0.2504917,True
14.48178,-0.2701538,-0.3813678,True
14.49921,-0.3080268,-0.3644493,True
14.50393,-0.307951,-0.3643596,True
14.51505,-0.2561047,-0.6834677,False
14.5706,-0.1401529,-0.3457593,True
14.58181,-0.1568177,-0.2932535,True
14.59286,-0.1796103,-0.1758453,True
14.60396,-0.1659229,-0.04098681,True
14.61507,-0.1054657,-0.1125309,True
14.6261,-0.1124671,-0.1129867,True
14.63727,-0.1224079,-0.04973137,True
14.64859,-0.1436076,-0.1201772,True
14.65956,-0.08532262,-0.1280356,True
14.67058,-0.04731417,-0.1083267,True
14.68167,-0.08706474,-0.09308419,True
14.69291,-0.05191493,-0.1205471,True
14.70385,-0.0351963,-0.1248986,True
14.71502,-0.02105165,-0.1051546,True
14.72624,-0.02241707,-0.121428,True
14.73724,-0.04691172,-0.1138554,True
14.7483,-0.05346465,-0.1168945,True
14.75947,-0.05005193,-0.123676,True
14.77061,-0.03675318,-0.1242749,True
14.78156,0.04275846,-0.1138488,True
14.79275,0.06391788,-0.1027253,True
14.80384,0.04149079,-0.1035196,True
14.81505,0.02261877,-0.1149595,True
14.82605,0.02553797,-0.1258218,True
14.83708,0.02980828,-0.1336692,True
14.84838,0.04102135,-0.1285696,True
14.85935,0.04934216,-0.1306786,True
14.87049,0.0540154,-0.1287019,True
14.88162,0.05221605,-0.1158502,True
14.8928,0.03009725,-0.1185215,True
14.90388,0.007264137,-0.120984,True
14.91488,-0.03956699,-0.1289821,True
14.92604,-0.06003547,-0.125473,True
14.93709,-0.006642103,-0.1268283,True
14.94832,-0.07552481,-0.08797389,True
14.95926,-0.05443287,-0.0745472,True
14.9705,-0.1261148,-0.3501898,True
15.07047,0.03045678,-0.6748416,False
15.08147,-0.1010227,-0.3463187,True
15.09265,-0.1222944,-0.2355788,True
15.10383,-0.1471217,-0.3214653,True
15.11497,-0.1938918,-0.2978308,True
15.12614,-0.176887,-0.3261692,True
15.137,0.007280588,-0.3266624,True
15.1482,-0.114624,-0.2927775,True
15.15925,-0.1057358,-0.3527712,True
15.17024,-0.03921318,-0.2937354,True
15.18166,-0.1893976,-0.281454,True
15.19253,-0.2256982,-0.3058941,True
15.20366,-0.2204933,-0.3435254,True
15.21479,-0.1361775,-0.3179598,True
15.22592,-0.1736028,-0.3000236,True
15.2369,-0.1500022,-0.337267,True
15.24816,-0.1735826,-0.3457814,True
15.25917,-0.16151,-0.334702,True
15.27038,-0.16575,-0.3435234,True
15.28186,-0.1087265,-0.3106644,True
15.29262,-0.2006197,-0.3202272,True
15.30358,-0.4782486,-0.4161412,False
15.31483,-0.7791128,-0.815086,False
15.3258,-0.8624377,-0.9720075,False
15.3369,-1.171082,-1.258857,False
15.34808,-1.811898,-1.585383,False
15.35923,-2.446493,-1.667373,False
15.37148,-2.778441,-1.715693,False
15.38132,-2.689837,-1.690528,False
15.3931,-2.771594,-1.741198,False
15.40378,-2.819135,-1.848248,False
15.41489,-2.795552,-1.834732,False
15.42576,-2.782006,-1.82898,False
15.43697,-2.791042,-1.830878,False
15.44799,-2.786623,-1.835674,False
15.45909,-2.787344,-1.845396,False
15.47012,-2.78684,-1.83659,False
15.48137,-2.815526,-1.848337,False
15.49241,-2.825064,-1.84746,False
15.50383,-2.843714,-1.772829,False
15.51461,-2.715562,-1.652634,False
15.5257,-2.704587,-1.559949,False
15.53692,-2.775398,-1.605641,False
15.54799,-2.737938,-1.6043,False
15.55907,-2.754234,-1.598031,False
15.57012,-2.80042,-1.58976,False
15.58165,-2.801038,-1.585256,False
15.59268,-2.8,-1.592903,False
15.60343,-2.790136,-1.594452,False
15.61454,-2.785601,-1.592988,False
15.62562,-2.777037,-1.591351,False
15.63675,-2.770029,-1.588196,False
15.64798,-2.775799,-1.586086,False
15.65911,-2.778066,-1.586877,False
15.67007,-2.779158,-1.584937,False
15.68133,-2.778839,-1.585932,False
15.69232,-2.777164,-1.582395,False
15.70334,-2.77616,-1.580172,False
15.71495,-2.75022,-1.578305,False
15.72561,-2.744277,-1.572588,False
15.73675,-2.749095,-1.571275,False
15.74891,-2.746628,-1.579818,False
15.75984,-2.746629,-1.579817,False
15.77073,-2.746402,-1.58232,False
15.7816,-2.733056,-1.566486,False
15.79292,-2.71065,-1.569192,False
15.80466,-2.692693,-1.566922,False
15.81526,-2.694023,-1.564868,False
15.82644,-2.695384,-1.561314,False
15.83693,-2.697635,-1.556454,False
15.84815,-2.685563,-1.554101,False
15.85909,-2.704659,-1.54074,False
15.87058,-2.692509,-1.539024,False
15.88154,-2.689331,-1.538917,False
15.89304,-2.67566,-1.537877,False
15.9038,-2.667067,-1.52161,False
15.91496,-2.671524,-1.526432,False
15.92577,-2.670057,-1.532468,False
15.93681,-2.652882,-1.53932,False
15.94801,-2.630984,-1.53695,False
15.95911,-2.617152,-1.521401,False
15.97013,-2.609834,-1.511793,False
15.98135,-2.608365,-1.507962,False
15.99247,-2.603897,-1.502417,False
16.00396,-2.780157,-1.618278,False
16.01454,-2.790528,-1.640108,False
16.02574,-2.767322,-1.694399,False
16.03689,-2.752532,-1.672535,False
16.04778,-2.718955,-1.647181,False
16.05916,-2.733457,-1.643179,False
16.06998,-2.748585,-1.647866,False
16.08152,-2.741219,-1.635151,False
16.09239,-2.731318,-1.616324,False
16.10351,-2.730545,-1.606419,False
16.11463,-2.737255,-1.606146,False
16.12606,-2.729122,-1.607333,False
16.1368,-2.719162,-1.610015,False
16.14811,-2.722309,-1.615169,False
16.15963,-2.722839,-1.609773,False
16.17071,-2.722052,-1.608091,False
16.18173,-2.722052,-1.608091,False
16.19282,-2.714489,-1.608041,False
16.20403,-2.716691,-1.623741,False
16.21554,-2.717699,-1.643176,False
16.2265,-2.716744,-1.646895,False
16.23712,-2.721493,-1.673245,False
16.2481,-2.719189,-1.67181,False
16.25914,-2.720327,-1.671108,False
16.27019,-2.719688,-1.678182,False
16.28152,-2.715151,-1.694861,False
16.29231,-2.710725,-1.694645,False
16.30342,-2.714488,-1.683257,False
16.31545,-2.724161,-1.678789,False
16.32563,-2.717171,-1.681036,False
16.33682,-2.727132,-1.691468,False
16.34801,-2.726585,-1.695468,False
16.35902,-2.721063,-1.696826,False
16.37037,-2.724996,-1.666005,False
16.38116,-2.592737,-1.657939,False
16.39226,-2.164385,-1.335179,False
16.40374,-1.17502,-0.5168428,False
16.41465,-0.7002687,-0.4126737,False
16.42599,-0.3552468,-0.3727317,False
16.43716,-0.1308761,-0.2105943,True
16.44838,-0.1208999,-0.1763955,True
16.45935,-0.103219,-0.2224398,True
16.47036,-0.117218,-0.1744708,True
16.48179,-0.1593876,-0.2779797,True
16.49256,-0.1593869,-0.2779798,True
16.50382,-0.1003425,-0.230087,True
16.51454,-0.1615601,-0.2331547,True
16.52636,-0.1693397,-0.2067491,True
16.53732,-0.1488719,-0.2250905,True
16.54812,-0.1374598,-0.2150364,True
16.55902,-0.1042438,-0.2193626,True
16.57001,-0.09489202,-0.2319467,True
16.5809,-0.08531141,-0.2557264,True
16.59184,-0.08337927,-0.2645068,True
16.60295,-0.07604527,-0.2672614,True
16.6141,-0.06383896,-0.2623796,True
16.62567,-0.06197929,-0.2677352,True
16.63624,-0.05477428,-0.2758627,True
16.64746,-0.05098796,-0.2744518,True
16.65863,-0.05067253,-0.2744504,True
16.66972,-0.05159307,-0.2689783,True
16.68088,-0.05378437,-0.2661974,True
16.69187,-0.05217481,-0.2582581,True
16.70296,-0.04841709,-0.2619915,True
16.71457,0.01626635,-0.2085423,True
16.72525,0.1473689,-0.1607277,True
16.7363,0.05821848,-0.1075123,True
16.74733,0.01297975,-0.1345729,True
16.7587,-0.04443574,-0.1218886,True
16.76955,-0.04371619,-0.125021,True
16.78093,-0.03626704,-0.1431977,True
16.79182,0.006755829,-0.1508794,True
16.80301,0.03847075,-0.1531538,True
16.81402,0.01495981,-0.1431523,True
16.82505,0.0724225,-0.157851,True
16.83644,0.07491183,-0.1550242,True
16.84736,0.07501817,-0.1555513,True
16.85859,0.07366681,-0.1562816,True
16.86956,0.07522798,-0.1559709,True
16.88077,0.0794847,-0.1524159,True
16.89174,0.0725081,-0.1523999,True
16.90277,0.0630331,-0.1531098,True
16.91403,0.05156255,-0.1455399,True
16.92507,0.0505116,-0.1413496,True
16.93613,0.05144548,-0.1405149,True
16.94732,0.06634331,-0.1463083,True
16.95854,0.08335805,-0.1566211,True
16.96962,0.09087372,-0.159471,True
16.98054,0.09693885,-0.1625375,True
16.99193,0.09351707,-0.1677685,True
17.00289,0.09811831,-0.168321,True
17.01397,0.1015642,-0.166774,True
17.02499,0.1025257,-0.1704588,True
17.03675,0.1010749,-0.1731809,True
17.04741,0.09603953,-0.1709324,True
17.05847,0.09145308,-0.1724892,True
17.06949,0.08427572,-0.1771982,True
17.08085,0.07518744,-0.1732846,True
17.09183,0.07739067,-0.1767576,True
17.10271,0.07603478,-0.1769638,True
17.11395,0.09398389,-0.1782768,True
17.12491,0.0905056,-0.170492,True
17.13609,0.09343696,-0.1726022,True
17.14749,0.09760761,-0.1708394,True
17.15835,0.08060026,-0.1709901,True
17.16934,0.0771575,-0.1705587,True
17.18062,0.06942821,-0.1950455,True
17.19166,0.01477313,-0.1724899,True
17.2028,-0.03099775,-0.1650802,True
17.21384,-0.07097697,-0.1320819,True
17.22497,-0.07307792,-0.137319,True
17.23608,-0.06946564,-0.1468358,True
17.24719,-0.02849269,-0.1593083,True
17.25838,0.01955676,-0.1695643,True
17.26934,0.06213737,-0.1667398,True
17.28064,0.05516386,-0.1688203,True
17.29152,0.05537462,-0.1701841,True
17.30281,0.0539031,-0.164935,True
17.31393,0.1424506,-0.1637404,True
17.32482,0.06727719,-0.1135821,True
17.33602,0.09839678,-0.1187622,True
17.34719,0.09285855,-0.1137362,True
17.35825,0.09762764,-0.1101943,True
17.36925,0.08832002,-0.1227124,True
17.38077,0.05575609,-0.1182595,True
17.3919,0.03987193,-0.1244938,True
17.40292,0.02989888,-0.1248903,True
17.4139,0.03539944,-0.1217689,True
17.42491,0.03373122,-0.1180062,True
17.43585,0.03176284,-0.1206137,True
17.4472,0.02085853,-0.1191305,True
17.45847,0.01421642,-0.1199537,True
17.46935,0.01182532,-0.1143143,True
17.48041,0.007676601,-0.1170188,True
17.49157,0.009023428,-0.1123282,True
17.50258,0.0105803,-0.1144164,True
