0.1171379,-0.03093332,-0.4364082,True
0.1285181,-0.007897854,-0.3111758,True
0.1393986,0.0007323623,-0.2513076,True
0.150465,0.05662578,-0.3002849,True
0.1616135,0.3523728,-0.3104496,True
0.1726856,0.2658296,-0.3442872,True
0.1836681,0.1574038,-0.4101125,True
0.1948299,0.2714423,-0.3322647,True
0.2059221,0.3994936,-0.3797769,False
0.2170286,0.449621,-0.2221398,False
0.2281618,-0.1120785,-0.0989908,True
0.2392721,-0.1832417,-0.109507,True
0.2504187,-0.1783011,-0.1346653,True
0.2614727,-0.2149479,-0.1487459,True
0.2725782,-0.2077591,-0.1948469,True
0.2838869,-0.3495209,-0.1697003,True
0.294672,-0.3549664,-0.2239191,True
0.3058758,-0.3294472,-0.3378364,True
0.3169699,-0.2392491,-0.2305916,True
0.3281355,-0.2321732,-0.3604548,True
0.3393688,-0.176661,-0.3845362,True
0.3503695,-0.2151817,-0.3980002,True
0.3613539,-0.1673366,-0.4404169,True
0.3724518,-0.1226394,-0.4702467,True
0.3835726,-0.1266403,-0.3683023,True
0.3947992,-0.1176525,-0.3850149,True
0.4057484,-0.07670498,-0.3566848,True
0.4170475,-0.0875839,-0.3523511,True
0.4281263,-0.09090531,-0.379394,True
0.4395027,-0.1127511,-0.4092328,True
0.4502258,-0.1100941,-0.4110551,True
0.4613724,-0.09364498,-0.4287843,True
0.4724569,-0.07866883,-0.4460398,True
0.4835625,-0.07113004,-0.4568654,True
0.4946022,-0.02359283,-0.4524777,True
0.505928,-0.01915359,-0.4525361,True
0.5169525,-0.007687449,-0.3110658,True
0.5280294,0.04639208,0.01563698,True
0.5390663,-0.03077877,-0.06922741,True
0.5502291,-0.03987253,-0.02547705,True
0.5612917,-0.05069256,-0.06955966,True
0.5723667,-0.06230295,-0.05960783,True
0.5835733,-0.07061315,-0.06574027,True
0.5953388,-0.0404011,-0.04029801,True
0.6068201,0.01459765,-0.02816004,True
0.6184921,0.01708627,-0.03903972,True
0.6302404,0.04722404,-0.0167768,True
0.641942,0.03603613,-0.02143583,True
0.6535549,0.01242542,-0.03955543,True
0.6653318,-0.004763722,-0.05540778,True
0.6769819,-0.01647115,-0.06039391,True
0.6886015,-0.0186491,-0.0656866,True
0.699605,-0.02870488,-0.06880853,True
0.7108059,-0.02798057,-0.07026196,True
0.7217569,-0.0324446,-0.08023041,True
0.7331123,-0.03358793,-0.08459136,True
0.7439852,-0.03722584,-0.09487933,True
0.755372,-0.03765059,-0.1033058,True
0.7662268,-0.03727126,-0.1237542,True
0.7774649,-0.1174065,-0.171001,True
0.7885075,-0.105431,-0.1994842,True
0.7996521,-0.1039308,-0.1788816,True
0.8105965,-0.03302085,-0.2309358,True
0.8219109,-0.1095126,-0.1982508,True
0.832901,-0.07167459,-0.1826251,True
0.8441486,-0.1719782,-0.2063522,True
0.8550339,-0.154056,-0.2337077,True
0.8662663,-0.1555557,-0.1945755,True
0.8772879,-0.2050608,-0.2413107,True
0.888485,-0.2516013,-0.3128993,True
0.8997402,-0.4375464,-0.3188048,False
0.9108438,-0.4581951,-0.2593938,False
0.9218111,-0.4718273,-0.3394415,False
0.9328308,-0.5065676,-0.2244877,False
0.9439354,-0.3021817,-0.1798913,True
0.9554119,-0.03931892,-0.1075835,True
0.9665136,-0.0873034,-0.04738468,True
0.9773283,-0.09328038,-0.1614714,True
0.988389,-0.1002819,-0.2352128,True
0.9996519,-0.04800963,-0.2135382,True
1.010495,-0.1207826,-0.2012353,True
1.021685,-0.108821,-0.2028124,True
1.033055,-0.1042272,-0.1755189,True
1.044318,-0.1093127,-0.109313,True
1.055205,-0.1135798,-0.07080621,True
1.066884,-0.04322007,-0.06529683,True
1.07763,-0.1212462,-0.04442984,True
1.089014,-0.1266115,-0.06065756,True
1.09982,-0.1730561,-0.04006386,True
1.110745,-0.1701664,-0.02215487,True
1.12222,-0.175596,-0.01362759,True
1.133008,-0.1741085,0.006136,True
1.144031,-0.1744841,0.06704521,True
1.155057,-0.005691767,0.01179606,True
1.166059,0.1395694,0.01755011,True
1.17713,0.7264472,0.2654216,False
1.18828,1.864546,0.5967825,False
1.199399,2.308473,0.6712615,False
1.210437,3.115361,0.9198523,False
1.221822,3.630089,0.7616233,False
1.23275,3.778276,0.7301481,False
1.244036,3.696953,0.6896772,False
1.255238,3.712903,0.6983503,False
1.265999,3.660591,0.692184,False
1.277086,3.627362,0.6528073,False
1.288292,3.393091,0.745649,False
1.299355,3.641558,0.6328797,False
1.310432,3.655719,0.6922444,False
1.321456,3.666087,0.6892557,False
1.332694,3.681534,0.6788963,False
1.344045,3.616181,0.6088532,False
1.355302,3.656581,0.6203589,False
1.365911,3.646542,0.6300404,False
1.377422,3.47223,0.5519149,False
1.388556,2.90088,0.5096406,False
1.399299,2.343761,0.4229806,False
1.410336,1.646726,0.3483157,False
1.421585,0.6977442,0.09664673,False
1.432648,0.3180023,-0.1255304,True
1.443686,0.3948701,-0.1207741,True
1.455317,0.4550756,-0.02728546,True
1.466177,0.5934396,-0.1054473,False
1.47703,0.7516862,-0.0237869,False
1.488153,0.8687316,-0.06679273,False
1.499327,0.9151086,-0.08711082,False
1.510387,0.8530563,0.03802675,False
1.521474,0.7720133,0.02624971,False
1.532771,0.86904,0.002236784,False
1.543596,0.8215609,-0.1310397,False
1.554829,1.057785,-0.06219023,False
1.565882,1.104485,-0.1154066,False
1.576986,1.178881,-0.01384193,False
1.588038,1.243067,-0.07201469,False
1.599247,1.271221,-0.02864343,False
1.610301,1.246883,-0.07393622,False
1.621576,1.276665,-0.09282738,False
1.632551,1.281614,-0.07501143,False
1.643687,1.161672,-0.1418754,False
1.654709,1.242485,-0.07528359,False
1.666348,1.24348,-0.04248649,False
1.676817,1.05902,0.04523724,False
1.688421,0.3616394,0.04720688,True
1.699214,0.06508636,0.1152254,True
1.710256,0.2201324,0.03496665,True
1.721446,0.04062855,0.07514191,True
1.732562,0.05937266,0.04082435,True
1.744685,0.04807985,0.05460781,True
1.754638,0.04933,0.06155878,True
1.765958,0.08646142,0.0450964,True
1.776869,0.09698474,0.06804395,True
1.788069,0.03950119,0.09496766,True
1.799143,-0.006627202,0.05447,True
1.810319,-0.01097262,0.02649975,True
1.82136,-0.01521969,0.03592795,True
1.832479,0.1257781,0.01764196,True
1.843687,0.07367742,0.03056902,True
1.854706,0.1531253,-0.03607267,True
1.865767,0.1446285,-0.0686239,True
1.876862,0.1542399,-0.1097695,True
1.888061,0.1595364,-0.1158746,True
1.899017,0.1642139,-0.1096153,True
1.910131,0.1014457,-0.1434809,True
1.921435,-0.05586672,-0.195847,True
1.932446,-0.07159376,-0.1893535,True
1.94349,-0.1037585,-0.2002105,True
1.954718,-0.06655812,-0.2421638,True
1.96597,-0.09784186,-0.2201441,True
1.976904,-0.06749833,-0.2777625,True
1.987938,0.0005202293,-0.171192,True
1.999239,0.0220331,-0.1496588,True
2.01021,0.1686836,-0.1037734,True
2.021293,0.05625761,-0.2565637,True
2.032417,0.04904741,-0.1377904,True
2.043425,0.04345304,-0.1477199,True
2.054642,0.09189141,-0.1066362,True
2.065622,0.2003608,-0.07634765,True
2.076768,0.2131417,-0.03599322,True
2.087873,0.3675114,0.1093057,True
2.099066,0.3948024,0.1106002,True
2.110027,0.3902451,0.1122311,True
2.121122,0.4088497,0.1265769,True
2.132294,0.4284923,0.1408112,True
2.143438,0.4206008,0.1266541,True
2.154758,0.4202204,0.1056469,True
2.16559,0.4467523,0.1119856,True
2.176641,0.4527429,0.1264919,True
2.18779,0.4522072,0.1318794,True
2.198935,0.4503654,0.1379866,True
2.209953,0.4383439,0.1436706,True
2.221167,0.3434149,0.07566768,True
2.23245,0.3352041,0.07029587,True
2.243299,0.3372532,0.06121188,True
2.25446,0.3260937,0.05901086,True
2.265656,0.3220785,0.05063766,True
2.27669,0.32232,0.05370241,True
2.287752,0.3494985,0.06800544,True
2.298956,0.3549339,0.0734666,True
2.310644,0.3550977,0.08962238,True
2.321011,0.3661771,0.1280865,True
2.332339,0.3029241,0.2214288,True
2.343331,0.2956575,0.02210289,True
2.354446,0.3584689,0.2313564,True
2.365603,0.3394452,0.3441547,True
2.376753,0.4106525,0.3758911,False
2.38776,0.4993965,0.3777784,False
2.399351,0.3663503,0.3917446,False
2.409868,0.3225493,0.2843822,True
2.421049,0.3593875,0.2795827,True
2.432161,0.359032,0.3077883,True
2.44331,0.4064936,0.4045997,False
2.454391,0.5270138,0.4479001,False
2.465759,0.4917518,0.4593993,False
2.476666,0.5001841,0.4527754,False
2.487652,0.5555012,0.4446673,False
2.498798,0.5633047,0.4064093,False
2.509976,0.6314896,0.4230769,False
2.520926,0.6602947,0.3982334,False
2.532141,0.6780671,0.4557335,False
2.543259,0.7313892,0.4447164,False
2.554381,0.6635551,0.4184216,False
2.565473,0.6846597,0.4822674,False
2.576614,0.6951438,0.4807623,False
2.587542,0.8079928,0.5074027,False
2.598742,0.7641076,0.4350343,False
2.609755,0.6079138,0.454678,False
2.621176,0.003622651,0.02090555,True
2.632017,-0.05662286,-0.04096407,True
2.643113,-0.009007931,-0.03872427,True
2.654384,-0.1122135,0.01680085,True
2.665495,-0.0664525,-0.05857432,True
2.676478,-0.07787967,-0.06460631,True
2.68765,0.1309698,-0.04663473,True
2.698737,0.1688618,0.005198807,True
2.709828,0.07204044,-0.04477933,True
2.720818,-0.09819221,-0.09570161,True
2.732152,-0.09524763,-0.0772984,True
2.743096,-0.08981907,-0.06202266,True
2.754378,-0.0239526,-0.1021361,True
2.765259,-0.005182624,-0.09981763,True
2.776596,0.1129614,-0.1632945,True
2.787556,0.2458867,-0.1154464,True
2.798688,0.2546287,-0.09539431,True
2.809799,0.264602,-0.08201349,True
2.821069,0.2949974,-0.1024752,True
2.832262,0.2914523,-0.1332834,True
2.843248,0.297166,-0.1423565,True
2.854431,0.2903979,-0.1910235,True
2.865299,0.3257399,-0.1696607,True
2.876412,0.391168,-0.1116407,True
2.887486,0.9349337,0.4930027,False
2.898529,1.406595,0.792161,False
2.90968,1.814773,1.009848,False
2.920732,2.601893,1.388137,False
2.932204,2.62486,1.38891,False
2.943151,2.593304,1.46637,False
2.954162,2.493259,1.397713,False
2.965318,2.454841,1.35712,False
2.976347,2.452633,1.318012,False
2.987447,2.43764,1.311934,False
2.998574,2.447565,1.339653,False
3.009728,2.415262,1.331767,False
3.02083,2.304823,1.32341,False
3.032742,2.1832,1.306648,False
3.042933,2.20454,1.182038,False
3.054437,2.042354,1.152352,False
3.065289,2.350024,1.273407,False
3.076305,2.68306,1.305453,False
3.087537,2.548913,1.263007,False
3.098475,2.601972,1.238562,False
3.109615,2.502559,1.329238,False
3.12074,2.518882,1.231346,False
3.131846,2.38661,1.178993,False
3.142861,2.425088,1.175646,False
3.154369,2.271297,1.185403,False
3.165253,2.234898,1.174828,False
3.176229,2.154306,1.175915,False
3.187337,2.172137,1.186444,False
3.198505,2.09434,1.127983,False
3.209656,2.124016,1.160694,False
3.22073,2.030635,1.119075,False
3.231828,2.000954,1.119328,False
3.243039,2.003137,1.05514,False
3.254419,2.036241,1.096912,False
3.265126,2.029668,1.104633,False
3.276108,1.974043,1.153873,False
3.28732,1.85115,1.0797,False
3.298411,1.91445,1.141653,False
3.309533,1.884876,1.044734,False
3.320664,1.795953,1.084625,False
3.3318,1.804639,1.120969,False
3.342758,1.792686,1.037128,False
3.354464,1.702125,1.0871,False
3.365219,1.89009,1.112207,False
3.376105,2.035537,1.022539,False
3.387267,2.398463,1.314337,False
3.398625,2.333014,1.269026,False
3.409523,2.37749,1.248181,False
3.42059,2.26865,1.232623,False
3.43279,2.239909,1.318466,False
3.442795,2.269345,1.229896,False
3.454172,2.308399,1.366167,False
3.464938,2.244181,1.390797,False
3.476264,2.211468,1.415661,False
3.487552,2.148778,1.377859,False
3.498394,2.147161,1.387877,False
3.509475,2.145885,1.392558,False
3.520559,1.993265,1.30897,False
3.532524,1.636163,1.055014,False
3.542644,1.066522,0.7276348,False
3.55433,0.2492235,0.340698,True
3.565019,-0.004581213,0.193117,True
3.576076,-0.1394495,0.1134326,True
3.587204,-0.103935,0.1833722,True
3.598413,-0.1102555,0.1132678,True
3.609294,-0.1970521,0.1312279,True
3.620472,-0.1172416,0.02842829,True
3.632589,-0.08724844,0.08714345,True
3.643146,-0.1098262,0.1476135,True
3.654207,-0.04728067,0.1420479,True
3.664859,-0.1121399,0.03412893,True
3.676488,-0.1200917,0.1325791,True
3.687194,-0.1109309,0.122055,True
3.703787,-0.1073884,0.1046881,True
3.70948,-0.1074637,0.1047615,True
3.717634,-0.1035236,0.1039386,True
3.728898,-0.08870935,0.09140611,True
3.740041,-0.1239799,0.05658984,True
3.75104,-0.1339391,0.07045025,True
3.762138,0.07007694,0.2548535,True
3.773244,0.2828747,0.348029,True
3.784347,0.6088537,0.4410049,False
3.795478,0.9909531,0.5776793,False
3.80664,1.058731,0.4368735,False
3.81776,1.325134,-0.03229518,False
3.884387,1.80861,0.7621009,False
3.895543,1.936974,1.334822,False
3.906514,1.839869,1.454038,False
3.917628,1.814367,1.491857,False
3.92877,1.921085,1.584721,False
3.939972,2.060614,1.56848,False
3.95091,1.99294,1.616966,False
3.962481,1.946394,1.64206,False
3.973461,2.00351,1.609924,False
3.984262,2.060647,1.317904,False
3.9954,2.004186,1.773397,False
4.006478,2.048044,1.723746,False
4.017842,1.415269,1.561328,False
4.029009,0.7068965,1.171793,False
4.039912,0.4326182,1.035968,False
4.050921,0.53355,0.8372664,False
4.06215,0.4833231,0.8535489,False
4.073524,0.4597929,1.046874,False
4.084798,0.4840366,1.01877,False
4.096035,0.5489348,1.010823,False
4.107321,0.618183,1.092754,False
4.118626,0.6823411,1.09707,False
4.129999,0.7277855,1.066237,False
4.141187,0.7488871,1.090078,False
4.152507,0.8484656,1.155968,False
4.164031,0.8376954,1.182128,False
4.175114,0.8162298,1.141138,False
4.18624,0.8377665,1.235557,False
4.197599,0.8505219,1.217396,False
4.208852,0.832123,1.191093,False
4.220202,0.7334008,1.236941,False
4.23141,0.8646863,1.242398,False
4.242406,0.8849713,1.272031,False
4.253625,0.8961156,1.264897,False
4.26461,0.8959388,1.284083,False
4.27567,0.9130822,1.276952,False
4.286834,0.9348518,1.274847,False
4.297955,0.9396445,1.277529,False
4.309011,0.9429201,1.284633,False
4.320189,1.128405,1.3104,False
4.331489,1.28362,1.337266,False
4.34236,1.30386,1.31234,False
4.353417,1.353317,1.314873,False
4.364666,1.371123,1.333222,False
4.375661,1.381397,1.345197,False
4.386889,1.387871,1.343394,False
4.3979,1.389711,1.355106,False
4.409033,1.425885,1.373849,False
4.420086,1.554749,1.46422,False
4.431338,1.576487,1.514898,False
4.442262,1.4375,1.486695,False
4.453463,1.613854,1.530687,False
4.464627,1.623602,1.53923,False
4.47563,1.76968,1.596569,False
4.487105,1.74628,1.575143,False
4.497861,1.749924,1.649662,False
4.508955,1.777522,1.628907,False
4.520033,1.845408,1.615773,False
4.531231,1.887751,1.628489,False
4.542273,1.373015,1.350493,False
4.553379,0.6165625,0.4740129,False
4.564567,0.2400107,0.174859,True
4.576002,0.1237622,-0.002074838,True
4.586739,0.1792234,0.03517866,True
4.597899,0.1771693,0.01300395,True
4.609061,0.2139983,-0.01168025,True
4.620145,-0.007150769,-0.09088922,True
4.631518,-0.01015484,-0.08082509,True
4.642406,-0.01431608,-0.1150475,True
4.653415,0.02071846,-0.05635381,True
4.664411,0.03992701,-0.09883225,True
4.675543,0.07814419,-0.1007676,True
4.686611,0.3286747,0.01150119,True
4.697768,0.3126072,0.006527781,True
4.70892,0.3082545,0.01231313,True
4.720139,0.279533,-0.003879786,True
4.731099,0.2752268,-0.001886606,True
4.742127,0.2783485,-0.00366962,True
4.753258,0.275284,-0.01299918,True
4.765056,0.2838175,-0.01343036,True
4.775463,0.2827917,-0.02402902,True
4.78724,0.2880952,-0.03560495,True
4.797824,0.2243771,-0.05128932,True
4.808882,0.2645194,0.1884003,True
4.82005,0.6313915,0.7239448,False
4.831219,0.6924055,1.008137,False
4.842089,0.6447645,0.8818898,False
4.853241,0.6316642,0.9680793,False
4.864336,0.6679143,0.9653039,False
4.875789,0.6286209,0.9281527,False
4.886621,0.6185084,0.9029368,False
4.897694,0.6109257,0.9022902,False
4.908794,0.5982349,0.9004383,False
4.919949,0.5928307,0.879425,False
4.931105,0.5902976,0.8738278,False
4.942055,0.5919145,0.8777137,False
4.953507,0.599865,0.8817768,False
4.964491,0.6018859,0.8809903,False
4.975577,0.601699,0.8843011,False
4.986638,0.6050293,0.8895751,False
4.997716,0.6130871,0.8923938,False
5.008762,0.6196632,0.915617,False
5.019931,0.6329312,0.9075427,False
5.031135,0.6337906,0.9037787,False
5.042001,0.6366487,0.9060963,False
5.053205,0.6278458,0.908622,False
5.064222,0.6391507,0.958783,False
5.07543,0.8735052,1.033156,False
5.08645,1.29751,1.343039,False
5.097621,1.362952,1.379505,False
5.108773,1.41074,1.363797,False
5.119946,1.418267,1.377632,False
5.130985,1.333493,1.371969,False
5.142074,1.340644,1.386957,False
5.15306,1.36161,1.374941,False
5.164267,1.383353,1.314908,False
5.17546,1.359536,1.29827,False
5.186517,0.8394594,0.7709858,False
5.19747,0.4020502,0.3346683,False
5.208643,0.008898497,5.960464E-08,True
5.219918,-0.02714634,-0.1640227,True
5.230928,-0.1138128,-0.2087096,True
5.241894,-0.02246726,-0.1665261,True
5.253206,-0.0580858,-0.2984283,True
5.264329,-0.03339922,-0.2541088,True
5.275344,-0.01839173,-0.2342905,True
5.286361,0.09583145,-0.1714553,True
5.297485,0.08570302,-0.1934052,True
5.308557,0.08268154,-0.2094184,True
5.319782,0.1302708,-0.2217953,True
5.330792,0.1318879,-0.2250161,True
5.341905,0.1487867,-0.2345125,True
5.353038,0.17037,-0.2269503,True
5.36428,0.1649086,-0.2377,True
5.375264,0.1522381,-0.2315575,True
5.386431,-0.001260281,-0.2912442,True
5.39747,-0.02754581,-0.295854,True
5.408599,-0.02751076,-0.2857159,True
5.419953,-0.03124881,-0.301232,True
5.430764,0.007377982,-0.3181956,True
5.441862,-0.006109715,-0.05012131,True
5.453187,0.1033007,0.162344,True
5.463952,0.1008493,0.2545342,True
5.475168,0.1038853,0.2406536,True
5.486284,0.1056435,0.1895951,True
5.497495,0.100629,0.1920817,True
5.508504,0.05016685,0.1743347,True
5.519678,-0.02163708,0.1719521,True
5.53074,-0.01800489,0.1830668,True
5.541862,-0.02393413,0.1786729,True
5.552911,-0.02871227,0.1711314,True
5.564193,-0.03349793,0.1695709,True
5.575368,-0.03080165,0.1760682,True
5.586226,-0.0235312,0.1902266,True
5.597382,-0.0263865,0.2114044,True
5.608487,-0.0260731,0.2111911,True
5.619612,-0.03246593,0.2212062,True
5.630654,-0.03108418,0.2120598,True
5.641931,-0.0228461,0.2151092,True
5.652898,-0.03465712,0.2205733,True
5.664112,-0.04281712,0.2237982,True
5.675162,-0.04009604,0.2227214,True
5.686305,-0.04155719,0.2220892,True
5.697483,-0.03679276,0.235599,True
5.708431,-0.03439415,0.2378308,True
5.719606,-0.01640904,0.2386105,True
5.730801,-0.02132726,0.2409775,True
5.741727,-0.01923347,0.239584,True
5.752855,-0.01659381,0.2213585,True
5.763911,-0.0159694,0.2226316,True
5.774986,-0.01115561,0.2101858,True
5.786731,-0.002083182,0.2015643,True
5.797231,-0.0004169941,0.2129063,True
5.808322,-0.0006254911,0.2109982,True
5.819501,0.01709163,0.2043683,True
5.830622,0.02013028,0.2135043,True
5.841792,0.01763868,0.2219973,True
5.852991,0.01963043,0.2266875,True
5.863845,0.02288008,0.2329832,True
5.87496,0.02602577,0.2375774,True
5.886534,0.04608309,0.2309379,True
5.897452,0.04450846,0.2292295,True
5.908309,0.03551769,0.2290869,True
5.919419,0.01929593,0.2137143,True
5.930516,0.01210642,0.2222968,True
5.941654,0.00959909,0.2194173,True
5.952785,0.01116657,0.2222939,True
5.964134,0.01650023,0.2290165,True
5.974925,0.02874243,0.2366286,True
5.986212,0.04611087,0.2379776,True
5.997284,0.04977155,0.237565,True
6.008259,0.04062998,0.2567647,True
6.019334,0.02586508,0.2594861,True
6.030495,0.02429569,0.2606561,True
6.041986,0.01780546,0.2633077,True
6.052773,0.02867281,0.2510441,True
6.063807,0.03264832,0.2497784,True
6.074857,0.03326285,0.2450776,True
6.086076,0.03190899,0.2474237,True
6.097095,0.03394711,0.2281241,True
6.108327,0.03016734,0.2212959,True
6.119488,0.0007306337,0.2262995,True
6.130555,-0.005530596,0.2222755,True
6.141535,-0.002191901,0.2258795,True
6.152683,-0.004593015,0.2263137,True
6.163716,-0.004387498,0.2350465,True
6.17481,-0.007521152,0.2345262,True
6.185957,-0.00574708,0.2382499,True
6.197605,-0.001775622,0.2353559,True
6.208222,-0.0009406805,0.2425005,True
6.219354,-0.0002089739,0.2417479,True
6.230559,-0.01118338,0.2394467,True
6.241505,-0.0108695,0.2391254,True
6.252595,-0.0103426,0.2345371,True
6.264427,-0.003341198,0.2293962,True
6.274794,-0.01211441,0.2298577,True
6.286206,-0.01231849,0.2253855,True
6.297056,-0.01106369,0.2233614,True
6.308396,-0.007300138,0.2141003,True
6.319431,-0.001981497,0.2169501,True
6.330314,-0.005735874,0.2146252,True
6.341472,-0.006570816,0.2161137,True
6.352807,-0.005942941,0.2116529,True
6.36361,-0.003651023,0.217699,True
6.375038,-0.004482746,0.2105872,True
6.386003,-0.005524755,0.2092093,True
6.397202,-0.006981254,0.2045482,True
6.408038,-0.01386452,0.2080712,True
6.419579,-0.008336306,0.204553,True
6.430316,-0.007813811,0.2025355,True
6.441406,-0.009482741,0.2045564,True
6.452632,-0.01884842,0.1946279,True
6.463542,-0.01833057,0.1965323,True
6.474753,-0.01968896,0.1990801,True
6.485866,-0.01706672,0.1813858,True
6.497326,-0.01738262,0.1862168,True
6.508191,-0.02143204,0.1752023,True
6.519285,-0.02561033,0.186767,True
6.530145,-0.02893305,0.180053,True
6.541449,-0.0283097,0.1807859,True
6.552492,-0.0263468,0.1927584,True
6.563591,-0.0183264,0.1932607,True
6.574642,-0.01780951,0.1965311,True
6.586378,-0.01695573,0.1730935,True
6.596809,-0.02101254,0.1717409,True
6.608015,-0.0221566,0.1711146,True
6.619158,-0.03589475,0.1712543,True
6.63027,-0.03974259,0.1690621,True
6.64127,-0.03505206,0.1652745,True
6.65262,-0.04824865,0.1559773,True
6.663648,-0.04033363,0.1518733,True
6.674626,-0.04688954,0.1527285,True
6.685816,-0.04324853,0.1531363,True
6.696835,-0.04263234,0.1571164,True
6.70791,-0.04024017,0.1574252,True
6.719357,-0.033692,0.1611828,True
6.730181,-0.03838623,0.1676936,True
6.741313,-0.03485513,0.1719857,True
6.752448,-0.04715455,0.1777916,True
6.763429,-0.05040729,0.1871532,True
6.774592,-0.04868746,0.1655174,True
6.786603,-0.05744445,0.1688987,True
6.796822,-0.05088592,0.1699314,True
6.807924,-0.04495561,0.1726433,True
6.8194,-0.04425061,0.1833528,True
6.830064,-0.04258657,0.1849232,True
6.841214,-0.04666662,0.192083,True
6.852294,-0.04719043,0.1934508,True
6.863534,-0.04599285,0.207228,True
6.874538,-0.04501987,0.1983171,True
6.886003,-0.03136981,0.2016627,True
6.896706,-0.0286783,0.2098205,True
6.907846,-0.03956807,0.2210194,True
6.919339,-0.04668415,0.2238117,True
6.930037,-0.06143677,0.2259989,True
6.941375,-0.06919777,0.2295445,True
6.952275,-0.0734688,0.2263632,True
6.963428,-0.07104743,0.2237983,True
6.975107,-0.06081748,0.2278054,True
6.985856,-0.0578959,0.2076953,True
6.996843,-0.05802703,0.2131137,True
7.007815,-0.06277776,0.2224905,True
7.018878,-0.05754697,0.2219368,True
7.03009,-0.06450212,0.2127109,True
7.04114,-0.06365561,0.2107947,True
7.05229,-0.06544316,0.2128205,True
7.063359,-0.06211126,0.2149363,True
7.074416,-0.06282318,0.2112194,True
7.085591,-0.06540728,0.2063413,True
7.097057,-0.06110525,0.2021884,True
7.107677,-0.06914294,0.2020062,True
7.118907,-0.06078243,0.2003835,True
7.130284,-0.06487226,0.2037946,True
7.141105,-0.0642736,0.1872992,True
7.152163,-0.06443846,0.2008216,True
7.163292,-0.06481051,0.1922421,True
7.174389,-0.06286025,0.1984836,True
7.185665,-0.06678915,0.191407,True
7.196491,-0.06064701,0.1942376,True
7.207733,-0.05970216,0.1930684,True
7.218821,-0.06598926,0.1981755,True
7.229937,-0.06742942,0.1945764,True
7.240982,-0.05453157,0.202694,True
7.252266,-0.05157721,0.1952648,True
7.263453,-0.04614925,0.193869,True
7.274281,-0.04759645,0.1885104,True
7.285656,-0.04207993,0.1917551,True
7.29657,-0.04072249,0.1906972,True
7.308023,-0.04073095,0.1944871,True
7.318985,-0.04061651,0.1897515,True
7.329884,-0.04207492,0.1894404,True
7.341108,-0.04051995,0.1935367,True
7.35202,-0.02887809,0.2062136,True
7.363176,-0.02771139,0.1977295,True
7.374504,-0.0282346,0.198578,True
7.385483,-0.03688586,0.1982883,True
7.396475,-0.03753877,0.2067752,True
7.407713,-0.03712654,0.2085764,True
7.418802,-0.03869736,0.2101763,True
7.435177,-0.03900778,0.2095373,True
7.441147,-0.03900504,0.2095224,True
7.452209,-0.03547955,0.2162178,True
7.463043,-0.03852499,0.2214406,True
7.474234,-0.04310596,0.2169913,True
7.48551,-0.04330671,0.2147586,True
7.496466,-0.04421961,0.2075393,True
7.507534,-0.04339921,0.2115715,True
7.51865,-0.04817879,0.2057505,True
7.530481,-0.04556346,0.2041487,True
7.541582,-0.04741776,0.1981128,True
7.552641,-0.05787325,0.2030264,True
7.563488,-0.06218445,0.208986,True
7.574757,-0.06602061,0.2037979,True
7.586218,-0.06190419,0.1953003,True
7.597157,-0.06254745,0.1985881,True
7.608025,-0.05911112,0.2000602,True
7.618973,-0.04953551,0.205755,True
7.629923,-0.03995645,0.2121962,True
7.641186,-0.04037595,0.2128346,True
7.652529,-0.04316461,0.2044586,True
7.663626,-0.04492092,0.1997994,True
7.674404,-0.04481733,0.1999056,True
7.685581,-0.04565287,0.2002251,True
7.69651,-0.03863716,0.1900614,True
7.707636,-0.0391233,0.1722064,True
7.718739,-0.04351354,0.1797794,True
7.729782,-0.03810012,0.1815489,True
7.740948,-0.03654051,0.1831195,True
7.752544,-0.03967953,0.1901692,True
7.763208,-0.03227186,0.1842626,True
7.77425,-0.03405476,0.1915193,True
7.78546,-0.03594148,0.196271,True
7.796873,-0.03958714,0.1953299,True
7.80764,-0.04733014,0.202247,True
7.819536,-0.04707491,0.216899,True
7.829943,-0.04498601,0.2168916,True
7.84091,-0.04583776,0.2212541,True
7.852146,-0.04630744,0.2077589,True
7.863075,-0.04620671,0.2085046,True
7.874228,-0.04675424,0.2151952,True
7.885326,-0.0569365,0.2254479,True
7.896469,-0.05662286,0.2254469,True
7.90807,-0.04722297,0.2279656,True
7.918745,-0.04731536,0.2248774,True
7.930222,-0.04876864,0.2222246,True
7.941483,-0.03568792,0.2160061,True
7.952728,-0.03246129,0.2196094,True
7.963398,-0.03006804,0.223005,True
7.974775,-0.04668438,0.2239179,True
7.985865,-0.05597949,0.2220379,True
7.9967,-0.05628693,0.2206571,True
8.007879,-0.05483115,0.2223525,True
8.018908,-0.05484891,0.2262912,True
8.029787,-0.05524528,0.2213972,True
8.040981,-0.06081307,0.2268479,True
8.052122,-0.06148279,0.2148247,True
8.06337,-0.07352352,0.2181685,True
8.074162,-0.06993175,0.2119867,True
8.085276,-0.06022799,0.214608,True
8.096415,-0.03943372,0.2119824,True
8.107578,-0.03494513,0.2119668,True
8.118694,-0.03175402,0.2284407,True
8.129856,-0.03402889,0.2200398,True
8.140917,-0.03423584,0.2194031,True
8.151999,-0.03359151,0.21313,True
8.163139,-0.03306592,0.2117483,True
8.174114,-0.03276229,0.2150408,True
8.185616,-0.02982402,0.2089764,True
8.196667,-0.03599393,0.2136688,True
8.207586,-0.03953302,0.2103914,True
8.219149,-0.04235888,0.2126286,True
8.230015,-0.04650998,0.2059568,True
8.241096,-0.05929172,0.1943398,True
8.252487,0.03931177,0.162135,True
8.26334,-0.02952957,0.2164094,True
8.274364,0.0327785,0.2212025,True
8.285431,0.04126132,0.2274053,True
8.296322,0.04126108,0.2274055,True
8.308041,0.02650654,0.2186275,True
8.318964,0.01747501,0.2523893,True
8.329893,-0.0003139973,0.2548895,True
8.340786,-0.0004184246,0.2544628,True
8.351864,0.001046658,0.2574598,True
8.363558,0.002616882,0.2584279,True
8.374022,0.001674771,0.2587449,True
8.385042,-0.010566,0.2507595,True
8.396173,-0.02248418,0.2442948,True
8.407127,-0.03409433,0.2428432,True
8.418324,-0.03996158,0.2448966,True
8.429907,-0.04389119,0.231788,True
8.440666,-0.04410577,0.2330703,True
8.452066,-0.03324628,0.2389983,True
8.462725,-0.03314888,0.2414537,True
8.473827,-0.033234,0.2344143,True
8.485012,-0.03454816,0.2189791,True
8.496019,-0.03797865,0.213997,True
8.507099,-0.03861368,0.2166532,True
8.518394,-0.05468714,0.2364185,True
8.529505,-0.06092036,0.2273802,True
8.54044,-0.05354285,0.2381196,True
8.551607,-0.05371237,0.22927,True
8.56263,-0.06408787,0.2328271,True
8.574121,-0.06096065,0.2352691,True
8.585026,-0.08106518,0.2509463,True
8.595846,-0.08171439,0.253838,True
8.607311,-0.08416438,0.2590961,True
8.618219,-0.083722,0.2558813,True
8.629456,-0.09232557,0.2552838,True
8.640425,-0.09367585,0.2530506,True
8.651457,-0.08774674,0.2466957,True
8.662594,-0.08954549,0.2488417,True
8.674006,-0.09371972,0.2585163,True
8.684923,-0.1619532,0.2095121,True
8.695843,-0.2130306,0.2044128,True
8.706999,-0.2379246,0.2046426,True
8.718401,-0.2237935,0.1958328,True
8.729198,-0.2232642,0.196144,True
8.740448,-0.2182667,0.1926377,True
8.751616,-0.1696537,0.1937254,True
8.76256,-0.09340227,0.2188795,True
8.773575,-0.09288192,0.2191972,True
8.785522,-0.1938162,0.1582536,True
8.796312,-0.2019256,0.1399148,True
8.806932,-0.2035983,0.1370911,True
8.818569,-0.2036045,0.1377231,True
8.829159,-0.2012987,0.130854,True
8.840666,-0.1920292,0.1388502,True
8.851486,-0.1645522,0.1822197,True
8.862436,-0.2057712,0.1717201,True
8.873604,-0.2142942,0.1805185,True
8.884733,-0.2218477,0.1775616,True
8.895872,-0.2216505,0.1791463,True
8.90687,-0.2218651,0.1792547,True
8.918032,-0.1785454,0.1880687,True
8.929228,-0.109717,0.2222587,True
8.940248,-0.1196061,0.2116113,True
8.951376,-0.1200454,0.2135304,True
8.962639,-0.1195195,0.213525,True
8.973633,-0.1200639,0.215236,True
8.984575,-0.1233821,0.2105861,True
8.996511,-0.121763,0.1964284,True
9.00704,-0.1217748,0.1975961,True
9.018389,-0.109591,0.197472,True
9.029099,-0.1048161,0.2032641,True
9.040236,-0.1020796,0.2023849,True
9.051994,-0.1025535,0.2085528,True
9.062422,-0.1034487,0.214839,True
9.073816,-0.09756494,0.214455,True
9.084652,-0.09234715,0.2039982,True
9.095762,-0.09288669,0.2063335,True
9.106817,-0.09554148,0.1979669,True
9.118355,-0.09534168,0.2120908,True
9.129087,-0.09765577,0.212649,True
9.140314,-0.1006867,0.2110871,True
9.151388,-0.1025842,0.2120626,True
9.162481,-0.1142212,0.2202839,True
9.173458,-0.111933,0.2118474,True
9.184633,-0.1243224,0.2198663,True
9.196268,-0.1319553,0.2240103,True
9.206812,-0.1239802,0.2472256,True
9.218275,-0.1221737,0.2460246,True
9.228996,-0.1217535,0.2462336,True
9.240122,-0.1218835,0.2385264,True
9.251165,-0.1132746,0.2202733,True
9.262329,-0.1128559,0.220482,True
9.273539,-0.1073036,0.222764,True
9.284567,-0.1048967,0.2240162,True
9.295597,-0.1057007,0.2314953,True
9.307297,-0.1035261,0.2235751,True
9.31777,-0.1035547,0.2267742,True
9.329098,-0.1059767,0.2272274,True
9.340189,-0.173489,0.2034514,True
9.3512,-0.2314662,0.1769601,True
9.362314,-0.2268807,0.1783761,True
9.373322,-0.2156847,0.1806467,True
9.384562,-0.2134255,0.1855149,True
9.3955,-0.2031704,0.1913177,True
9.406673,-0.1588153,0.2196161,True
9.417747,-0.06317782,0.2586838,True
9.428934,-0.0678432,0.2490727,True
9.440075,-0.05177808,0.2415279,True
9.451496,-0.08996546,0.1700393,True
9.462364,-0.1061056,0.1583779,True
9.47328,-0.112731,0.1634703,True
9.484373,-0.05041575,0.1905177,True
9.495522,-0.04749203,0.1886152,True
9.506687,-0.03364551,0.1953118,True
9.517727,0.02390277,0.2218058,True
9.528896,0.01555264,0.2231621,True
9.539967,0.003961563,0.2102664,True
9.551058,0.002710462,0.2100473,True
9.56213,-0.008149028,0.2354871,True
9.573246,-0.002402425,0.2348261,True
9.584545,0.01548803,0.2536665,True
9.595451,0.06182861,0.2615677,True
9.606575,0.08088791,0.224897,True
9.618505,0.1355984,0.2299089,True
9.628769,0.1448299,0.2509053,True
9.639996,0.1632452,0.2349456,True
9.651165,-0.07558405,0.1719913,True
9.662098,-0.04115832,0.0910255,True
9.673246,-0.1308489,0.09208272,True
9.684471,-0.1347376,0.05370761,True
9.695507,-0.1144649,0.04970839,True
9.706888,-0.1109341,0.05904736,True
9.717659,-0.08703268,0.08153486,True
9.728901,-0.006953359,0.1287892,True
9.739933,-0.0052948,0.1363091,True
9.751402,-0.008515477,0.1416481,True
9.762129,-0.002492905,0.1469685,True
9.773596,0.002804995,0.1523059,True
9.784264,0.008106828,0.1599638,True
9.79541,0.00426054,0.1574396,True
9.806498,0.000415206,0.1616208,True
9.817852,-0.003222108,0.1598476,True
9.828672,-0.01060355,0.1627984,True
9.839901,-0.01279414,0.1732914,True
9.850927,-0.01383364,0.1725604,True
9.861996,-0.01528525,0.1655365,True
9.873152,-0.001767397,0.1670735,True
9.884266,0.006034017,0.1774699,True
9.8953,0.01560485,0.1754989,True
9.906368,0.01893306,0.1745638,True
9.917597,0.02560294,0.1815111,True
9.928804,0.02237153,0.1777222,True
9.939939,0.03058326,0.1696625,True
9.950897,0.03256643,0.1734452,True
9.962082,0.03527558,0.174504,True
9.973202,0.04141569,0.173051,True
9.984285,0.04672456,0.1723301,True
9.995478,0.04495752,0.1734796,True
10.00644,0.05267203,0.1766497,True
10.01749,0.0706172,0.1824804,True
10.02862,0.07980692,0.1853472,True
10.03976,0.05200052,0.1586027,True
10.05082,-0.03775525,0.107665,True
10.06191,-0.05434585,0.1001875,True
10.07309,-0.05537832,0.09644551,True
10.08442,-0.04887497,0.1132118,True
10.09524,-0.0234704,0.1380189,True
10.10635,0.01986051,0.1642885,True
10.11754,0.07881868,0.19663,True
10.12856,0.08642042,0.2082217,True
10.13973,0.08333421,0.2153309,True
10.15069,0.0632596,0.2149367,True
10.16198,0.04995227,0.2056483,True
10.17299,0.03320658,0.1824792,True
10.18412,-0.03532434,0.1424404,True
10.19521,-0.08919501,0.1124541,True
10.20633,-0.07706666,0.1223516,True
10.21741,-0.008488178,0.03105538,True
10.22854,0.1752626,-0.0404855,True
10.23989,0.301699,-0.1429272,True
10.25076,0.3220679,-0.6209253,False
10.26178,0.1953427,-0.8502863,False
10.27305,0.1328919,-0.9525384,False
10.2844,-0.02495742,-1.332816,False
10.29516,0.05729699,-1.511847,False
10.30618,-0.01572871,-1.90028,False
10.31735,-0.1134119,-2.258353,False
10.32847,-0.1096456,-2.460052,False
10.33976,-0.177237,-2.708113,False
10.35064,-0.1773331,-3.146372,False
10.36173,-0.2235932,-3.513953,False
10.37294,-0.06556988,-3.568495,False
10.38405,-0.01964927,-3.891739,False
10.39542,-0.06420231,-3.81192,False
10.40615,-0.03745174,-3.792942,False
10.41754,-0.04988337,-3.803247,False
10.42847,-0.05627632,-3.803755,False
10.43963,-0.03650546,-3.820088,False
10.45068,0.09136844,-4.467269,False
10.4618,0.1231761,-4.964676,False
10.4729,0.1010759,-5.29064,False
10.48396,0.1581508,-5.724078,False
10.49501,-0.02264977,-6.032382,False
11.55011,2.966913,-4.558804,False
11.56122,3.223857,-4.289783,False
11.57232,3.385606,-3.603005,False
11.58352,3.512773,-2.988479,False
11.59447,3.500719,-2.390716,False
11.60564,3.815477,-2.367281,False
11.61679,3.988507,-2.251285,False
11.62801,3.895046,-2.107713,False
11.63918,4.096451,-1.979193,False
11.65014,3.947464,-2.017368,False
11.66115,4.009015,-1.948887,False
11.67244,3.993357,-1.895053,False
11.68344,3.852355,-1.965265,False
11.69447,3.916497,-1.904789,False
11.70624,3.850045,-2.038557,False
11.71684,3.804855,-1.926373,False
11.72782,3.787753,-2.026988,False
11.73889,3.884658,-2.073843,False
11.75012,3.869944,-2.104019,False
11.76111,3.881775,-2.093825,False
11.77218,3.781863,-2.157442,False
11.78347,3.777676,-2.137607,False
11.79457,3.696316,-2.121043,False
11.80572,3.706261,-2.217894,False
11.81689,3.634023,-2.186688,False
11.8284,3.768612,-2.233837,False
11.83955,3.768611,-2.233838,False
11.85057,3.687397,-2.200754,False
11.86141,3.595119,-2.121013,False
11.87256,3.533162,-2.140105,False
11.88337,3.619295,-2.120808,False
11.89446,3.831357,-1.830225,False
11.90562,4.108645,-1.463305,False
11.91658,3.930008,-0.2773769,False
11.92774,3.85851,0.04727232,False
11.93896,3.952982,0.02616602,False
11.95032,3.817516,0.1472811,False
11.96126,3.892056,0.005793631,False
11.97223,3.728806,0.066899,False
11.98321,3.74817,0.198344,False
11.9943,3.437191,0.2738534,False
12.00552,3.533453,0.3649994,False
12.01658,3.190338,0.9825457,False
12.0277,3.0696,1.274512,False
12.03887,2.615652,1.317463,False
12.04995,2.81772,1.437807,False
12.061,2.788486,1.415762,False
12.07208,2.791504,1.438941,False
12.08323,2.729049,1.444222,False
12.09442,2.715868,1.46471,False
12.10557,2.733815,1.432545,False
12.11655,2.682086,1.391196,False
12.12802,2.691684,1.347643,False
12.13884,2.606969,1.329046,False
12.15009,2.579454,1.499218,False
12.1611,2.466024,1.771315,False
12.17195,2.308509,1.852587,False
12.18312,2.106125,1.855629,False
12.19421,2.25941,1.883679,False
12.2054,2.305763,1.885682,False
12.21646,2.318979,1.913353,False
12.22758,2.327685,1.845734,False
12.23866,2.318958,1.834566,False
12.24988,1.765654,2.22558,False
12.26104,1.215372,1.957575,False
12.27196,0.9558423,2.230533,False
12.28308,-0.2082212,2.365788,False
12.29434,-0.6623607,2.328448,False
12.30559,-1.11363,2.245114,False
12.31652,-1.912007,1.836697,False
12.32747,-2.280839,1.797665,False
12.33865,-2.561465,1.749903,False
12.35036,-2.647053,1.655435,False
12.36083,-2.468172,1.495361,False
12.3719,-2.799346,1.644333,False
12.38302,-2.617762,1.68565,False
12.39412,-2.556592,1.700133,False
12.40546,-2.605353,1.65341,False
12.41667,-2.537082,1.696445,False
12.42747,-2.520737,1.672309,False
12.43873,-2.457007,1.651634,False
12.45033,-2.374439,1.6467,False
12.46079,-2.160039,1.513634,False
12.47203,-2.18529,1.553261,False
12.48298,-2.102897,1.550085,False
12.49421,-2.055473,1.606357,False
12.5052,-1.933228,1.517014,False
12.51683,-1.843278,1.490695,False
12.52739,-1.916744,1.449518,False
12.53855,-1.893231,1.511798,False
12.54974,-1.903875,1.493224,False
12.56092,-1.850638,1.443417,False
12.57198,-1.84786,1.437002,False
12.58291,-1.787837,1.387087,False
12.59408,-1.81715,1.342711,False
12.60522,-1.754743,1.427405,False
12.61627,-1.802424,1.462318,False
12.62749,-1.671666,1.413683,False
12.63854,-1.575776,1.518125,False
12.64975,-1.526528,1.443975,False
12.6607,-1.567872,1.406666,False
12.67183,-1.51428,1.414258,False
12.68296,-1.459553,1.421141,False
12.69449,-1.471009,1.381326,False
12.70514,-1.392048,1.38825,False
12.71638,-1.476346,1.398951,False
12.72753,-1.467164,1.403502,False
12.73849,-1.434987,1.303016,False
12.74963,-1.196807,1.418169,False
12.76068,-0.8031327,1.430674,False
12.77175,-0.4838097,1.323121,False
12.78285,-0.07344425,1.288939,False
12.79399,0.7600056,1.214105,False
12.80519,1.25018,1.201533,False
12.81616,1.42147,1.129412,False
12.82733,1.82727,1.141912,False
12.83841,1.92208,1.016977,False
12.84968,1.807085,1.049623,False
12.86062,1.840595,1.053123,False
12.87184,1.828011,1.068856,False
12.88313,1.827093,1.117746,False
12.89398,1.812886,1.082132,False
12.90518,1.842892,1.076331,False
12.91642,1.838896,1.078079,False
12.9272,1.830156,1.084391,False
12.93845,1.826798,1.079672,False
12.94965,1.823268,1.073762,False
12.96053,1.884741,1.077938,False
12.97195,1.851301,1.185812,False
12.98281,1.822173,1.152759,False
12.994,1.796897,1.107793,False
13.0053,1.768465,1.103138,False
13.01629,1.764457,1.048079,False
13.0273,1.75939,1.046032,False
13.03851,1.754404,1.050103,False
13.04949,1.755157,1.04707,False
13.06049,1.690062,0.9404288,False
13.07164,1.619854,0.9197175,False
13.08266,1.660463,0.9286275,False
13.094,1.597197,0.8576689,False
13.10524,1.527202,0.8556296,False
13.11606,1.79187,1.159926,False
13.12714,2.077547,1.443438,False
13.13832,2.228398,1.463002,False
13.14943,2.164001,1.498263,False
13.16049,2.167359,1.485216,False
13.17156,2.11522,1.435183,False
13.18283,2.059383,1.302868,False
13.19395,1.99458,1.237435,False
13.20498,1.849687,1.297212,False
13.21606,1.8791,1.309524,False
13.22709,1.813418,1.211341,False
13.23831,1.857761,1.124555,False
13.24988,1.83138,1.2527,False
13.26043,1.882064,1.191436,False
13.27149,1.807608,1.154116,False
13.28266,1.585183,1.132339,False
13.29381,1.427828,1.174306,False
13.30485,1.437665,1.153937,False
13.31598,1.400017,1.231336,False
13.32704,1.399414,1.181776,False
13.33825,1.345223,1.265687,False
13.3495,1.305931,1.18375,False
13.36045,1.245194,1.208309,False
13.37144,1.330894,1.25724,False
13.38257,1.832503,1.322006,False
13.39366,2.416234,1.56348,False
13.40498,2.644236,1.560162,False
13.41591,2.623073,1.541311,False
13.42701,2.494049,1.492888,False
13.43816,2.55528,1.53965,False
13.44935,2.493914,1.532146,False
13.46029,2.459553,1.586503,False
13.47146,2.403426,1.563164,False
13.4826,2.412454,1.564231,False
13.49371,2.442819,1.586032,False
13.50509,2.434004,1.602049,False
13.51596,2.408436,1.561364,False
13.5274,2.408111,1.577415,False
13.53808,2.341003,1.522674,False
13.54921,2.400256,1.485236,False
13.56037,2.387492,1.479264,False
13.5714,2.371722,1.487086,False
13.58243,2.271999,1.493756,False
13.59358,2.239609,1.460922,False
13.60475,2.184106,1.424566,False
13.61592,2.09693,1.320467,False
13.62691,1.993273,1.363375,False
13.63812,2.000634,1.285103,False
13.64923,1.983224,1.295982,False
13.66045,1.96822,1.230064,False
13.67142,2.007552,1.228043,False
13.68258,1.942148,1.244037,False
13.69358,1.911316,1.18055,False
13.70465,1.926583,1.185939,False
13.7158,1.932312,1.189034,False
13.72683,1.896059,1.167814,False
13.73811,1.907828,1.152108,False
13.74926,1.910342,1.141257,False
13.76029,1.901614,1.146149,False
13.77139,1.902256,1.146301,False
13.78243,1.899846,1.132664,False
13.79357,1.891691,1.12666,False
13.80464,1.889971,1.123863,False
13.81633,1.898801,1.115304,False
13.82686,1.893878,1.109897,False
13.83794,1.891548,1.107434,False
13.84907,1.891558,1.113378,False
13.86008,1.89123,1.108728,False
13.87122,1.887337,1.110246,False
13.88243,1.891498,1.112065,False
13.8935,1.874101,1.093536,False
13.90457,1.888721,1.101406,False
13.91571,1.886625,1.09825,False
13.9267,1.887415,1.079583,False
13.93795,1.867875,1.075913,False
13.94916,1.854041,1.067639,False
13.96032,2.240588,1.204488,False
13.97136,2.475075,1.197165,False
13.98241,2.706342,1.269532,False
13.99346,2.743763,1.346341,False
14.00455,2.779854,1.350043,False
14.01562,2.794806,1.352961,False
14.02677,2.787546,1.355379,False
14.03796,2.79031,1.353679,False
14.04899,2.780288,1.358036,False
14.0601,2.780178,1.354786,False
14.07118,2.780437,1.356664,False
14.08221,2.778081,1.358143,False
14.09344,2.777291,1.357087,False
14.10439,2.777499,1.352126,False
14.11564,2.779794,1.36334,False
14.12686,2.780842,1.366517,False
14.13839,2.790799,1.368766,False
14.14901,2.781211,1.37189,False
14.16006,2.789443,1.38276,False
14.1711,2.790203,1.385918,False
14.18242,2.774159,1.400849,False
14.19329,2.771849,1.402954,False
14.20446,2.769338,1.400669,False
14.2156,2.761333,1.411759,False
14.22671,2.70144,1.486015,False
14.23788,2.646879,1.448136,False
14.24894,2.666875,1.438962,False
14.25996,2.631218,1.436946,False
14.27112,2.635155,1.44105,False
14.28235,2.604046,1.442198,False
14.29332,2.587478,1.460271,False
14.30447,2.572828,1.493296,False
14.31556,2.556032,1.609172,False
14.32654,2.758955,1.701289,False
14.33776,2.885085,1.849926,False
14.34883,2.657206,1.914065,False
14.36023,2.523041,1.839036,False
14.37095,2.530819,1.882529,False
14.38216,2.510282,1.861948,False
14.39339,2.508152,1.882928,False
14.40435,2.499334,1.882208,False
14.41544,2.515122,1.887945,False
14.42651,2.52775,1.950609,False
14.43826,2.508932,1.952671,False
14.44889,2.536687,1.963362,False
14.45982,2.535511,1.952933,False
14.47114,2.537646,1.946155,False
14.48216,2.544322,1.949814,False
14.4932,2.544929,1.960299,False
14.50429,2.566473,1.972235,False
14.51544,2.56081,1.97278,False
14.52651,2.559829,2.001102,False
14.53753,2.584039,2.003299,False
14.54875,2.610075,2.000247,False
14.55981,2.663724,2.009005,False
14.57103,2.687403,2.008918,False
14.58205,2.683462,2.011039,False
14.59338,2.728314,2.033299,False
14.60425,2.746754,2.037729,False
14.61532,2.793581,2.054336,False
14.6265,2.811945,2.058834,False
14.63755,2.799849,2.048604,False
14.64879,2.811962,2.05356,False
14.65988,2.971946,1.972308,False
14.67095,2.919198,1.93093,False
14.682,2.997757,2.142055,False
14.69315,2.962965,1.903698,False
14.70418,2.942061,1.964379,False
14.71532,2.955157,1.907966,False
14.72644,2.906799,1.932815,False
14.73752,2.901188,1.930471,False
14.74912,2.918063,1.922333,False
14.75962,2.936998,1.937024,False
14.77097,2.92292,1.929589,False
14.78206,2.938421,1.92552,False
14.79312,2.913622,1.853441,False
14.80412,2.901605,1.847459,False
14.81536,2.896202,1.849726,False
14.82643,2.902585,1.860285,False
14.83752,2.89765,1.85191,False
14.8486,2.900744,1.84881,False
14.85962,2.908585,1.825404,False
14.87084,2.910993,1.820951,False
14.88198,2.899797,1.819078,False
14.89296,2.885348,1.797044,False
14.9043,2.896,1.804019,False
14.91516,2.908292,1.807631,False
14.92635,2.903337,1.796626,False
14.93765,2.895656,1.75886,False
14.94866,2.882622,1.743771,False
14.95971,2.852406,1.738478,False
14.97096,2.861035,1.741223,False
14.98192,2.873942,1.749206,False
14.99301,2.889877,1.75759,False
15.0042,2.880002,1.747292,False
15.01528,2.885547,1.721784,False
15.02622,2.921973,1.806888,False
15.03742,2.879347,1.718214,False
15.0486,2.942004,1.691738,False
15.05987,2.700618,1.539827,False
15.0707,2.386495,1.486246,False
15.08174,1.963099,1.446698,False
15.09294,1.34559,1.064945,False
15.10414,1.126931,1.091703,False
15.11512,1.037476,1.016521,False
15.12616,1.089638,1.075562,False
15.13746,1.184916,0.9720651,False
15.14862,1.286828,1.144939,False
15.1597,1.347797,1.054525,False
15.17059,1.47846,1.295624,False
15.18174,1.5285,1.105063,False
15.19282,1.578439,1.020741,False
15.20396,1.337606,0.6681801,False
15.21529,0.7609646,0.3996661,False
15.22629,0.06562114,-0.8186405,False
15.23718,-0.2046614,-0.9860772,False
15.24849,-0.7012306,-1.275809,False
15.25949,-1.72711,-1.972339,False
15.27062,-2.091307,-2.391034,False
15.28162,-2.500536,-2.492511,False
15.2928,-3.299049,-3.030617,False
15.30392,-3.573241,-3.02397,False
15.31507,-3.813647,-3.178084,False
15.32608,-3.837929,-3.34758,False
15.33721,-4.030158,-3.685899,False
15.34828,-3.897571,-3.811528,False
15.35946,-3.87104,-4.116426,False
15.37067,-4.004687,-4.304831,False
15.38169,-4.024032,-4.282861,False
15.39278,-3.80873,-4.18911,False
15.40396,-3.682093,-4.24192,False
15.41541,-3.650898,-4.442344,False
15.42604,-3.543211,-4.452031,False
15.43723,-3.376517,-4.517854,False
15.44845,-3.341181,-4.565582,False
15.45944,-3.174386,-4.412837,False
15.47052,-3.157285,-4.57901,False
15.48163,-3.145784,-4.445385,False
15.49274,-3.026628,-4.462804,False
15.50408,-2.997248,-4.502516,False
15.5149,-3.013807,-4.437986,False
15.52632,-2.989147,-4.457428,False
15.53713,-2.916974,-4.423341,False
15.54824,-2.89598,-4.405827,False
15.55948,-2.911808,-4.341933,False
15.57046,-2.793392,-4.449619,False
15.5816,-2.789655,-4.187991,False
15.59265,-3.296785,-2.792101,False
15.60377,-3.668777,-2.025564,False
15.61486,-3.697675,-1.373473,False
15.62628,-4.010952,-0.396917,False
15.6371,-4.243213,-0.4414997,False
15.64839,-4.483294,-0.2372685,False
15.65962,-4.493052,0.2944083,False
15.67067,-4.413038,0.217527,False
15.68185,-4.330639,0.1424586,False
15.69254,-4.427941,0.06527138,False
15.70379,-4.263059,-0.03604496,False
15.71486,-4.515094,0.1239307,False
15.72631,-4.480101,0.0808717,False
15.73698,-4.449186,0.03384781,False
15.74815,-4.457145,0.04910529,False
15.75932,-4.468731,-0.01095152,False
15.77051,-4.498402,0.0646379,False
15.78148,-4.534999,0.04318607,False
15.7926,-4.503354,0.04636848,False
15.8037,-4.581421,0.04843056,False
15.81494,-4.553374,0.0255475,False
15.8259,-4.578411,0.0312326,False
15.83736,-4.583013,0.01706541,False
15.8484,-4.596196,0.007748723,False
15.85935,-4.59878,-0.02154708,False
15.87038,-4.598006,-0.02443993,False
15.88146,-4.616261,-0.02578044,False
15.89257,-4.621449,-0.04460502,False
15.90395,-4.631699,-0.05385065,False
15.91466,-4.614876,-0.05576849,False
15.92583,-4.623133,-0.05316615,False
15.93725,-4.60473,-0.04482138,False
15.94804,-4.603395,-0.03469813,False
15.95935,-4.597662,-0.02693665,False
15.97053,-4.584478,-0.03255749,False
15.98141,-4.583358,-0.03320992,False
15.99286,-4.57166,-0.03528512,False
16.00365,-4.57828,-0.03398824,False
16.01479,-4.549772,-0.03654802,False
16.02609,-4.513402,-0.09554756,False
16.03687,-4.502326,-0.05420768,False
16.04828,-4.470464,-0.06674659,False
16.05921,-4.471227,-0.06349146,False
16.07028,-4.477815,-0.06299412,False
16.08143,-4.469309,-0.07873333,False
16.09245,-4.443437,-0.108548,False
16.10349,-4.426771,-0.1224825,False
16.11463,-4.426798,-0.1369194,False
16.12572,-4.421007,-0.14987,False
16.13687,-4.408603,-0.1517068,False
16.14819,-4.415537,-0.1736137,False
16.15922,-4.405222,-0.194941,False
16.17033,-4.414001,-0.1925765,False
16.1813,-4.410614,-0.2013743,False
16.19242,-4.216377,0.1146476,False
16.20356,-3.913113,0.4038008,False
16.21477,-3.792608,0.5132953,False
16.22577,-3.750308,0.5855454,False
16.23679,-3.738107,0.5330871,False
16.24797,-3.724634,0.5000495,False
16.25908,-3.761101,0.3827696,False
16.27018,-3.805112,0.4826547,False
16.28122,-3.770336,0.4917667,False
16.2924,-3.766199,0.4521893,False
16.30367,-3.833983,0.5187949,False
16.31451,-3.795947,0.4999095,False
