731.9627
0,(2.8, 0.0, -0.7),False,0,0,False
1,(2.8, 0.0, 2.1),False,0,0,False
2,(0.7, 0.0, -1.4),False,0,0,False
3,(0.7, 0.0, -3.5),False,0,0,False
4,(0.7, 0.0, -1.4),True,9.428772,0.5330811,True
5,(3.5, 0.0, 0.7),True,12.57178,0.6551208,True
6,(1.4, 0.0, 3.5),False,0,0,False
7,(2.8, 0.0, 0.7),True,16.75873,0.6219482,True
8,(0.7, 0.0, 1.4),True,18.95773,0.7552185,True
9,(0.7, 0.0, 2.8),False,0,0,False
10,(-0.7, 0.0, 0.7),True,23.02246,0.5997314,True
11,(-0.7, 0.0, 3.5),False,0,0,False
12,(-0.7, 0.0, -3.5),False,0,0,False
13,(-0.7, 0.0, 0.7),True,30.24197,0.6448059,True
14,(1.4, 0.0, -0.7),True,32.80688,0.644165,True
15,(-1.4, 0.0, -2.1),True,35.31735,0.7000122,True
16,(0.7, 0.0, 2.8),False,0,0,False
17,(-0.7, 0.0, -0.7),True,39.23639,0.5322876,True
18,(-2.1, 0.0, -1.4),True,40.76984,0.655365,True
19,(-1.4, 0.0, -0.7),True,42.82443,0.5327148,True
20,(3.5, 0.0, -0.7),True,45.58978,0.5883179,True
21,(-2.1, 0.0, -2.8),True,48.77716,0.6330261,True
22,(-2.1, 0.0, 2.8),False,0,0,False
23,(-1.4, 0.0, 3.5),False,0,0,False
24,(-1.4, 0.0, -2.1),True,55.6076,0.4778748,True
25,(-2.1, 0.0, 2.8),True,58.90628,0.7666321,True
26,(2.1, 0.0, 2.8),False,0,0,False
27,(2.1, 0.0, -1.4),True,64.63672,0.5213013,True
28,(-1.4, 0.0, -3.5),True,67.62442,0.6331177,True
29,(1.4, 0.0, 0.7),False,0,0,False
30,(2.1, 0.0, -2.8),True,73.39923,0.7552185,True
31,(3.5, 0.0, -1.4),False,0,0,False
32,(-1.4, 0.0, -2.1),True,76.24277,0.5332031,True
33,(-2.1, 0.0, 1.4),False,0,0,False
34,(3.5, 0.0, 0.7),True,80.18478,0.6663818,True
35,(2.8, 0.0, -0.7),True,83.13959,0.322113,True
36,(-2.8, 0.0, -2.1),False,0,0,False
37,(0.7, 0.0, -2.8),True,89.84717,0.4665222,True
38,(2.8, 0.0, -0.7),True,92.25696,0.6657715,True
39,(-1.4, 0.0, 3.5),False,0,0,False
40,(0.7, 0.0, 0.7),True,96.19968,0.4332886,True
41,(-3.5, 0.0, 1.4),False,0,0,False
42,(3.5, 0.0, 1.4),False,0,0,False
43,(-2.8, 0.0, 2.1),True,104.3967,0.6776733,True
44,(-3.5, 0.0, 0.7),False,0,0,False
45,(1.4, 0.0, -0.7),True,108.0835,0.5553284,True
46,(-0.7, 0.0, 2.8),False,0,0,False
47,(2.1, 0.0, 2.8),False,0,0,False
48,(3.5, 0.0, -1.4),False,0,0,False
49,(0.7, 0.0, -2.8),True,117.2234,0.4666138,True
50,(-1.4, 0.0, -0.7),False,0,0,False
51,(1.4, 0.0, -2.1),True,120.789,0.5239868,True
52,(-3.5, 0.0, -1.4),False,0,0,False
53,(2.8, 0.0, 0.7),True,125.3974,0.5103149,True
54,(-1.4, 0.0, 2.1),False,0,0,False
55,(2.8, 0.0, -2.1),True,130.3619,0.4666138,True
56,(1.4, 0.0, -2.1),True,132.0497,0.7104797,True
57,(-1.4, 0.0, 3.5),False,0,0,False
58,(0.7, 0.0, -3.5),True,137.3363,0.4444275,True
59,(-2.1, 0.0, 1.4),True,139.0024,0.7214966,True
60,(-0.7, 0.0, 1.4),False,0,0,False
61,(0.7, 0.0, -0.7),True,144.1442,0.4887695,True
62,(-3.5, 0.0, -0.7),False,0,0,False
63,(3.5, 0.0, 1.4),False,0,0,False
64,(2.1, 0.0, 1.4),True,151.8959,0.6107178,True
65,(-2.1, 0.0, 2.8),True,153.5953,0.7997437,True
66,(2.8, 0.0, 0.7),False,0,0,False
67,(0.7, 0.0, -1.4),True,156.9825,0.7214355,True
68,(3.5, 0.0, 1.4),False,0,0,False
69,(-0.7, 0.0, 2.8),True,161.6249,0.755188,True
70,(-1.4, 0.0, 0.7),False,0,0,False
71,(2.8, 0.0, 2.1),True,165.7116,0.6439209,True
72,(0.7, 0.0, 3.5),False,0,0,False
73,(-2.1, 0.0, 1.4),True,170.5539,0.5220337,True
74,(-1.4, 0.0, 0.7),True,173.5748,0.6329956,True
75,(0.7, 0.0, 1.4),True,176.3623,0.5327148,True
76,(-2.8, 0.0, -2.1),False,0,0,False
77,(2.1, 0.0, 1.4),True,180.938,0.4664917,True
78,(1.4, 0.0, 0.7),False,0,0,False
79,(-0.7, 0.0, -1.4),True,185.7684,0.5654907,True
80,(1.4, 0.0, 3.5),False,0,0,False
81,(-2.1, 0.0, -1.4),True,191.2572,0.6569824,True
82,(1.4, 0.0, -2.1),True,193.1213,0.4772949,True
83,(-0.7, 0.0, -0.7),False,0,0,False
84,(-0.7, 0.0, 1.4),False,0,0,False
85,(2.1, 0.0, 1.4),True,199.2415,0.6110229,True
86,(-2.8, 0.0, -0.7),True,201.8615,0.5997314,True
87,(0.7, 0.0, -3.5),False,0,0,False
88,(-3.5, 0.0, 1.4),False,0,0,False
89,(-0.7, 0.0, -2.8),True,208.7585,0.4111938,True
90,(0.7, 0.0, -0.7),True,210.6462,0.3994751,True
91,(3.5, 0.0, -0.7),True,213.8561,0.4665527,True
92,(-2.1, 0.0, -2.8),True,215.8442,0.7662964,True
93,(-3.5, 0.0, -1.4),False,0,0,False
94,(2.8, 0.0, -2.1),True,220.4865,0.6889038,True
95,(1.4, 0.0, -3.5),False,0,0,False
96,(0.7, 0.0, 3.5),False,0,0,False
97,(1.4, 0.0, -0.7),True,226.8834,0.5992432,True
98,(-2.8, 0.0, -0.7),False,0,0,False
99,(1.4, 0.0, 0.7),True,230.7701,0.5662842,True
100,(-3.5, 0.0, 0.7),False,0,0,False
101,(-0.7, 0.0, 2.8),False,0,0,False
102,(2.1, 0.0, -2.8),True,238.1778,0.6883545,True
103,(3.5, 0.0, -0.7),False,0,0,False
104,(-3.5, 0.0, -1.4),False,0,0,False
105,(3.5, 0.0, -1.4),False,0,0,False
106,(-0.7, 0.0, -3.5),True,245.1859,0.4996338,True
107,(2.1, 0.0, -1.4),True,247.5181,0.5553589,True
108,(-2.8, 0.0, 0.7),True,250.7946,0.5553589,True
109,(-0.7, 0.0, 3.5),False,0,0,False
110,(-1.4, 0.0, -3.5),False,0,0,False
111,(0.7, 0.0, 2.8),False,0,0,False
112,(-0.7, 0.0, -0.7),True,260.3679,0.4666138,True
113,(-2.8, 0.0, -0.7),True,263.1442,0.4998169,True
114,(2.8, 0.0, 2.1),True,266.2547,0.5890503,True
115,(1.4, 0.0, 2.1),True,268.2195,0.5108032,True
116,(-0.7, 0.0, 1.4),True,270.6183,0.6328735,True
117,(-2.8, 0.0, 2.1),True,273.151,0.7444458,True
118,(2.1, 0.0, -2.8),True,275.3054,0.4937134,True
119,(-0.7, 0.0, -2.8),True,278.4149,0.5776978,True
120,(-1.4, 0.0, -0.7),True,280.7137,0.3666382,True
121,(2.1, 0.0, -1.4),True,282.8904,0.4331665,True
122,(-0.7, 0.0, 0.7),False,0,0,False
123,(0.7, 0.0, 3.5),False,0,0,False
124,(0.7, 0.0, -2.8),True,288.9876,0.3551636,True
125,(-0.7, 0.0, -2.8),True,291.8418,0.4885864,True
126,(-0.7, 0.0, -3.5),False,0,0,False
127,(-0.7, 0.0, -1.4),True,296.6841,0.4550171,True
128,(0.7, 0.0, 0.7),True,298.3944,0.421936,True
129,(-1.4, 0.0, 0.7),True,300.6044,0.4775391,True
130,(-3.5, 0.0, 0.7),False,0,0,False
131,(1.4, 0.0, -3.5),True,305.2916,0.666748,False
132,(3.5, 0.0, 0.7),True,307.3235,0.5217285,True
133,(0.7, 0.0, 0.7),True,309.5335,0.5663452,True
134,(-3.5, 0.0, 1.4),False,0,0,False
135,(1.4, 0.0, 3.5),False,0,0,False
136,(0.7, 0.0, 1.4),True,316.7637,0.5887451,True
137,(-2.8, 0.0, 0.7),True,320.1286,0.6660156,True
138,(-1.4, 0.0, 2.1),False,0,0,False
139,(-1.4, 0.0, -3.5),True,324.3489,0.5439453,True
140,(2.1, 0.0, 2.8),False,0,0,False
141,(-2.8, 0.0, 2.1),False,0,0,False
142,(-0.7, 0.0, 3.5),False,0,0,False
143,(1.4, 0.0, 2.1),True,333.5112,0.3886108,True
144,(-2.8, 0.0, 0.7),True,335.8213,0.5108643,True
145,(-2.1, 0.0, -1.4),True,337.5762,0.4443359,True
146,(1.4, 0.0, 2.1),True,340.3749,0.4664917,True
147,(-3.5, 0.0, -0.7),False,0,0,False
148,(-1.4, 0.0, 2.1),False,0,0,False
149,(-2.8, 0.0, -2.1),False,0,0,False
150,(-0.7, 0.0, -1.4),True,348.4821,0.3108521,True
151,(1.4, 0.0, -3.5),False,0,0,False
152,(2.8, 0.0, -2.1),True,354.4571,0.4553223,True
153,(0.7, 0.0, -0.7),True,356.1118,0.5663452,True
154,(-3.5, 0.0, -0.7),False,0,0,False
155,(-2.1, 0.0, -2.8),False,0,0,False
