420.6605
0,(2.8, 0.0, -0.7),False,0,0,False
1,(2.8, 0.0, 2.1),False,0,0,False
2,(0.7, 0.0, -1.4),True,6.241325,0.3551407,True
3,(0.7, 0.0, -3.5),False,0,0,False
4,(0.7, 0.0, -1.4),True,11.03932,0.5552444,True
5,(3.5, 0.0, 0.7),False,0,0,False
6,(1.4, 0.0, 3.5),False,0,0,False
7,(2.8, 0.0, 0.7),False,0,0,False
8,(0.7, 0.0, 1.4),True,21.86776,0.4442787,True
9,(0.7, 0.0, 2.8),False,0,0,False
10,(-0.7, 0.0, 0.7),True,27.55388,0.4442062,True
11,(-0.7, 0.0, 3.5),False,0,0,False
12,(-0.7, 0.0, -3.5),False,0,0,False
13,(-0.7, 0.0, 0.7),True,35.66121,0.4553146,True
14,(1.4, 0.0, -0.7),True,38.41542,0.3773499,True
15,(-1.4, 0.0, -2.1),True,41.1031,0.4773483,True
16,(0.7, 0.0, 2.8),False,0,0,False
17,(-0.7, 0.0, -0.7),False,0,0,False
18,(-2.1, 0.0, -1.4),True,47.62248,0.5439987,True
19,(-1.4, 0.0, -0.7),True,50.70964,0.3775101,True
20,(3.5, 0.0, -0.7),False,0,0,False
21,(-2.1, 0.0, -2.8),False,0,0,False
22,(-2.1, 0.0, 2.8),False,0,0,False
23,(-1.4, 0.0, 3.5),False,0,0,False
24,(-1.4, 0.0, -2.1),True,65.75829,0.4551544,True
25,(-2.1, 0.0, 2.8),False,0,0,False
26,(2.1, 0.0, 2.8),False,0,0,False
27,(2.1, 0.0, -1.4),True,72.09972,0.5219116,True
28,(-1.4, 0.0, -3.5),False,0,0,False
29,(1.4, 0.0, 0.7),True,76.35358,0.4222794,True
30,(2.1, 0.0, -2.8),False,0,0,False
31,(3.5, 0.0, -1.4),False,0,0,False
32,(-1.4, 0.0, -2.1),True,81.55104,0.4553909,True
33,(-2.1, 0.0, 1.4),True,84.53833,0.4775391,True
34,(3.5, 0.0, 0.7),False,0,0,False
35,(2.8, 0.0, -0.7),True,88.7697,0.399826,True
36,(-2.8, 0.0, -2.1),False,0,0,False
37,(0.7, 0.0, -2.8),True,95.07805,0.6664886,True
38,(2.8, 0.0, -0.7),True,98.08835,0.6226044,True
39,(-1.4, 0.0, 3.5),False,0,0,False
40,(0.7, 0.0, 0.7),True,102.797,0.3544312,True
41,(-3.5, 0.0, 1.4),False,0,0,False
42,(3.5, 0.0, 1.4),False,0,0,False
43,(-2.8, 0.0, 2.1),False,0,0,False
44,(-3.5, 0.0, 0.7),False,0,0,False
45,(1.4, 0.0, -0.7),True,115.1574,0.2552643,True
46,(-0.7, 0.0, 2.8),False,0,0,False
47,(2.1, 0.0, 2.8),False,0,0,False
48,(3.5, 0.0, -1.4),False,0,0,False
49,(0.7, 0.0, -2.8),True,124.7086,0.3666534,True
50,(-1.4, 0.0, -0.7),True,127.3074,0.411026,True
51,(1.4, 0.0, -2.1),True,129.9728,0.3887024,True
52,(-3.5, 0.0, -1.4),False,0,0,False
53,(2.8, 0.0, 0.7),False,0,0,False
54,(-1.4, 0.0, 2.1),True,139.0686,0.5331268,True
55,(2.8, 0.0, -2.1),False,0,0,False
56,(1.4, 0.0, -2.1),True,143.0779,0.3444366,True
57,(-1.4, 0.0, 3.5),False,0,0,False
58,(0.7, 0.0, -3.5),False,0,0,False
59,(-2.1, 0.0, 1.4),True,148.5974,0.421936,True
60,(-0.7, 0.0, 1.4),True,150.208,0.4888916,True
61,(0.7, 0.0, -0.7),True,152.3847,0.3295593,True
62,(-3.5, 0.0, -0.7),False,0,0,False
63,(3.5, 0.0, 1.4),False,0,0,False
64,(2.1, 0.0, 1.4),True,160.6363,0.7106628,True
65,(-2.1, 0.0, 2.8),False,0,0,False
66,(2.8, 0.0, 0.7),False,0,0,False
67,(0.7, 0.0, -1.4),True,166.1561,0.5221252,True
68,(3.5, 0.0, 1.4),False,0,0,False
69,(-0.7, 0.0, 2.8),False,0,0,False
70,(-1.4, 0.0, 0.7),True,174.8852,0.4437866,True
71,(2.8, 0.0, 2.1),False,0,0,False
72,(0.7, 0.0, 3.5),False,0,0,False
73,(-2.1, 0.0, 1.4),True,182.9261,0.4889679,True
74,(-1.4, 0.0, 0.7),True,185.8911,0.4997101,True
75,(0.7, 0.0, 1.4),True,187.9458,0.5330505,True
76,(-2.8, 0.0, -2.1),False,0,0,False
77,(2.1, 0.0, 1.4),True,193.2877,0.4547882,True
78,(1.4, 0.0, 0.7),True,194.9538,0.5888367,True
79,(-0.7, 0.0, -1.4),True,198.0744,0.4886932,True
80,(1.4, 0.0, 3.5),False,0,0,False
81,(-2.1, 0.0, -1.4),True,203.0609,0.3885956,True
82,(1.4, 0.0, -2.1),True,206.3372,0.4554596,True
83,(-0.7, 0.0, -0.7),True,208.636,0.3553467,True
84,(-0.7, 0.0, 1.4),True,210.9682,0.433075,True
85,(2.1, 0.0, 1.4),True,213.4007,0.5776672,True
86,(-2.8, 0.0, -0.7),True,214.9889,0.444519,True
87,(0.7, 0.0, -3.5),False,0,0,False
88,(-3.5, 0.0, 1.4),False,0,0,False
89,(-0.7, 0.0, -2.8),True,219.7537,0.4670105,True
90,(0.7, 0.0, -0.7),True,221.841,0.4219666,True
91,(3.5, 0.0, -0.7),False,0,0,False
92,(-2.1, 0.0, -2.8),False,0,0,False
93,(-3.5, 0.0, -1.4),False,0,0,False
94,(2.8, 0.0, -2.1),False,0,0,False
95,(1.4, 0.0, -3.5),False,0,0,False
96,(0.7, 0.0, 3.5),False,0,0,False
97,(1.4, 0.0, -0.7),True,241.3209,0.4108582,True
98,(-2.8, 0.0, -0.7),True,243.4977,0.4664917,True
99,(1.4, 0.0, 0.7),True,245.097,0.3442078,True
100,(-3.5, 0.0, 0.7),False,0,0,False
101,(-0.7, 0.0, 2.8),False,0,0,False
102,(2.1, 0.0, -2.8),False,0,0,False
103,(3.5, 0.0, -0.7),False,0,0,False
104,(-3.5, 0.0, -1.4),False,0,0,False
105,(3.5, 0.0, -1.4),False,0,0,False
106,(-0.7, 0.0, -3.5),False,0,0,False
107,(2.1, 0.0, -1.4),True,259.2792,0.4664917,True
108,(-2.8, 0.0, 0.7),False,0,0,False
109,(-0.7, 0.0, 3.5),False,0,0,False
110,(-1.4, 0.0, -3.5),False,0,0,False
111,(0.7, 0.0, 2.8),False,0,0,False
112,(-0.7, 0.0, -0.7),True,268.7747,0.3887329,True
113,(-2.8, 0.0, -0.7),True,272.2287,0.6995239,True
114,(2.8, 0.0, 2.1),False,0,0,False
115,(1.4, 0.0, 2.1),False,0,0,False
116,(-0.7, 0.0, 1.4),True,278.5812,0.5883789,True
117,(-2.8, 0.0, 2.1),False,0,0,False
118,(2.1, 0.0, -2.8),False,0,0,False
119,(-0.7, 0.0, -2.8),True,287.1995,0.53302,True
120,(-1.4, 0.0, -0.7),True,290.0204,0.5548401,True
121,(2.1, 0.0, -1.4),True,292.6859,0.4777222,True
122,(-0.7, 0.0, 0.7),True,295.829,0.3889465,True
123,(0.7, 0.0, 3.5),False,0,0,False
124,(0.7, 0.0, -2.8),False,0,0,False
125,(-0.7, 0.0, -2.8),True,303.0033,0.4555664,True
126,(-0.7, 0.0, -3.5),True,306.1462,0.5108643,True
127,(-0.7, 0.0, -1.4),True,307.8013,0.3113098,True
128,(0.7, 0.0, 0.7),True,311.1772,0.4665833,True
129,(-1.4, 0.0, 0.7),True,312.8654,0.5331421,True
130,(-3.5, 0.0, 0.7),False,0,0,False
131,(1.4, 0.0, -3.5),False,0,0,False
132,(3.5, 0.0, 0.7),False,0,0,False
133,(0.7, 0.0, 0.7),True,321.95,0.5883179,True
134,(-3.5, 0.0, 1.4),False,0,0,False
135,(1.4, 0.0, 3.5),False,0,0,False
136,(0.7, 0.0, 1.4),True,330.513,0.5335388,True
137,(-2.8, 0.0, 0.7),True,333.0782,0.655304,True
138,(-1.4, 0.0, 2.1),True,336.2877,0.6108704,True
139,(-1.4, 0.0, -3.5),False,0,0,False
140,(2.1, 0.0, 2.8),False,0,0,False
141,(-2.8, 0.0, 2.1),False,0,0,False
142,(-0.7, 0.0, 3.5),False,0,0,False
143,(1.4, 0.0, 2.1),False,0,0,False
144,(-2.8, 0.0, 0.7),True,351.0474,0.4885864,True
145,(-2.1, 0.0, -1.4),True,354.2793,0.488678,True
146,(1.4, 0.0, 2.1),False,0,0,False
147,(-3.5, 0.0, -0.7),False,0,0,False
148,(-1.4, 0.0, 2.1),True,361.1096,0.4775085,True
149,(-2.8, 0.0, -2.1),False,0,0,False
150,(-0.7, 0.0, -1.4),True,364.8965,0.4108582,True
151,(1.4, 0.0, -3.5),False,0,0,False
152,(2.8, 0.0, -2.1),False,0,0,False
153,(0.7, 0.0, -0.7),True,370.7383,0.3775635,True
154,(-3.5, 0.0, -0.7),False,0,0,False
155,(-2.1, 0.0, -2.8),False,0,0,False
