477.4099
0,(2.8, 0.0, -0.7),False,0,0,False
1,(2.8, 0.0, 2.1),False,0,0,False
2,(0.7, 0.0, -1.4),True,4.597893,0.5550842,True
3,(0.7, 0.0, -3.5),False,0,0,False
4,(0.7, 0.0, -1.4),True,9.262428,0.5998077,True
5,(3.5, 0.0, 0.7),False,0,0,False
6,(1.4, 0.0, 3.5),False,0,0,False
7,(2.8, 0.0, 0.7),True,16.04813,0.4331207,True
8,(0.7, 0.0, 1.4),True,19.30207,0.4996948,True
9,(0.7, 0.0, 2.8),True,22.38966,0.4554138,True
10,(-0.7, 0.0, 0.7),True,24.24432,0.3887634,True
11,(-0.7, 0.0, 3.5),True,25.85461,0.6441193,True
12,(-0.7, 0.0, -3.5),False,0,0,False
13,(-0.7, 0.0, 0.7),True,31.31898,0.3666687,True
14,(1.4, 0.0, -0.7),True,33.88428,0.3996582,True
15,(-1.4, 0.0, -2.1),True,35.83924,0.433197,True
16,(0.7, 0.0, 2.8),True,38.21558,0.454895,True
17,(-0.7, 0.0, -0.7),True,39.89254,0.3997955,True
18,(-2.1, 0.0, -1.4),True,43.17994,0.4331207,True
19,(-1.4, 0.0, -0.7),True,44.61271,0.4109955,True
20,(3.5, 0.0, -0.7),False,0,0,False
21,(-2.1, 0.0, -2.8),False,0,0,False
22,(-2.1, 0.0, 2.8),False,0,0,False
23,(-1.4, 0.0, 3.5),True,53.88639,0.6443939,True
24,(-1.4, 0.0, -2.1),True,55.952,0.4220123,True
25,(-2.1, 0.0, 2.8),True,58.51731,0.4109497,True
26,(2.1, 0.0, 2.8),False,0,0,False
27,(2.1, 0.0, -1.4),True,64.43717,0.6773224,True
28,(-1.4, 0.0, -3.5),False,0,0,False
29,(1.4, 0.0, 0.7),True,68.36866,0.4113159,True
30,(2.1, 0.0, -2.8),False,0,0,False
31,(3.5, 0.0, -1.4),False,0,0,False
32,(-1.4, 0.0, -2.1),True,75.96471,0.4219208,True
33,(-2.1, 0.0, 1.4),True,77.84187,0.3778381,True
34,(3.5, 0.0, 0.7),False,0,0,False
35,(2.8, 0.0, -0.7),False,0,0,False
36,(-2.8, 0.0, -2.1),False,0,0,False
37,(0.7, 0.0, -2.8),True,86.91541,0.5326996,True
38,(2.8, 0.0, -0.7),False,0,0,False
39,(-1.4, 0.0, 3.5),True,90.08051,0.6884155,True
40,(0.7, 0.0, 0.7),True,92.35737,0.3887482,True
41,(-3.5, 0.0, 1.4),True,95.50011,0.6439514,True
42,(3.5, 0.0, 1.4),False,0,0,False
43,(-2.8, 0.0, 2.1),True,99.84293,0.5001831,True
44,(-3.5, 0.0, 0.7),True,101.5198,0.4996643,True
45,(1.4, 0.0, -0.7),True,104.7075,0.366394,True
46,(-0.7, 0.0, 2.8),True,107.6731,0.4214935,True
47,(2.1, 0.0, 2.8),True,110.5154,0.5992126,True
48,(3.5, 0.0, -1.4),False,0,0,False
49,(0.7, 0.0, -2.8),True,115.1027,0.5110626,True
50,(-1.4, 0.0, -0.7),True,117.4795,0.3441925,True
51,(1.4, 0.0, -2.1),True,119.6673,0.4442596,True
52,(-3.5, 0.0, -1.4),False,0,0,False
53,(2.8, 0.0, 0.7),True,125.0425,0.4775238,True
54,(-1.4, 0.0, 2.1),True,127.8854,0.388382,True
55,(2.8, 0.0, -2.1),False,0,0,False
56,(1.4, 0.0, -2.1),True,132.506,0.4110107,True
57,(-1.4, 0.0, 3.5),False,0,0,False
58,(0.7, 0.0, -3.5),False,0,0,False
59,(-2.1, 0.0, 1.4),True,139.3472,0.5110779,True
60,(-0.7, 0.0, 1.4),True,142.0233,0.3665771,True
61,(0.7, 0.0, -0.7),True,143.6897,0.4886169,True
62,(-3.5, 0.0, -0.7),False,0,0,False
63,(3.5, 0.0, 1.4),False,0,0,False
64,(2.1, 0.0, 1.4),True,150.0199,0.3998718,False
65,(-2.1, 0.0, 2.8),True,152.4743,0.4663391,True
66,(2.8, 0.0, 0.7),True,155.228,0.3822937,True
67,(0.7, 0.0, -1.4),True,157.5046,0.4665222,True
68,(3.5, 0.0, 1.4),False,0,0,False
69,(-0.7, 0.0, 2.8),True,163.1355,0.4553223,True
70,(-1.4, 0.0, 0.7),True,165.4786,0.3886414,True
71,(2.8, 0.0, 2.1),True,166.9782,0.5220642,True
72,(0.7, 0.0, 3.5),False,0,0,False
73,(-2.1, 0.0, 1.4),True,172.3867,0.4659119,True
74,(-1.4, 0.0, 0.7),True,174.6413,0.3222656,True
75,(0.7, 0.0, 1.4),True,177.0511,0.3665161,True
76,(-2.8, 0.0, -2.1),False,0,0,False
77,(2.1, 0.0, 1.4),True,182.5486,0.3665161,True
78,(1.4, 0.0, 0.7),True,184.6921,0.3887024,True
79,(-0.7, 0.0, -1.4),True,187.9239,0.3441772,True
80,(1.4, 0.0, 3.5),False,0,0,False
81,(-2.1, 0.0, -1.4),True,192.8217,0.3777161,True
82,(1.4, 0.0, -2.1),True,195.8315,0.5222168,True
83,(-0.7, 0.0, -0.7),True,197.153,0.3777161,False
84,(-0.7, 0.0, 1.4),True,199.9591,0.2961731,True
85,(2.1, 0.0, 1.4),True,201.9728,0.4551086,True
86,(-2.8, 0.0, -0.7),True,203.406,0.3334351,True
87,(0.7, 0.0, -3.5),False,0,0,False
88,(-3.5, 0.0, 1.4),False,0,0,False
89,(-0.7, 0.0, -2.8),True,209.4805,0.4219055,True
90,(0.7, 0.0, -0.7),True,210.8912,0.4889526,True
91,(3.5, 0.0, -0.7),False,0,0,False
92,(-2.1, 0.0, -2.8),False,0,0,False
93,(-3.5, 0.0, -1.4),False,0,0,False
94,(2.8, 0.0, -2.1),False,0,0,False
95,(1.4, 0.0, -3.5),False,0,0,False
96,(0.7, 0.0, 3.5),False,0,0,False
97,(1.4, 0.0, -0.7),True,223.9405,0.4443054,False
98,(-2.8, 0.0, -0.7),True,226.7837,0.3998718,True
99,(1.4, 0.0, 0.7),True,229.2159,0.4334106,True
100,(-3.5, 0.0, 0.7),True,232.0478,0.4331055,True
101,(-0.7, 0.0, 2.8),True,233.8358,0.4992981,True
102,(2.1, 0.0, -2.8),False,0,0,False
103,(3.5, 0.0, -0.7),False,0,0,False
104,(-3.5, 0.0, -1.4),False,0,0,False
105,(3.5, 0.0, -1.4),False,0,0,False
106,(-0.7, 0.0, -3.5),False,0,0,False
107,(2.1, 0.0, -1.4),True,248.118,0.5883179,True
108,(-2.8, 0.0, 0.7),True,250.206,0.3883057,True
109,(-0.7, 0.0, 3.5),False,0,0,False
110,(-1.4, 0.0, -3.5),True,252.9047,0.09963989,True
111,(0.7, 0.0, 2.8),True,255.1037,0.477478,True
112,(-0.7, 0.0, -0.7),True,257.5138,0.3778076,True
113,(-2.8, 0.0, -0.7),True,259.4466,0.5223999,True
114,(2.8, 0.0, 2.1),True,261.5007,0.4885864,True
115,(1.4, 0.0, 2.1),True,262.8223,0.4331665,True
116,(-0.7, 0.0, 1.4),True,264.333,0.3889465,True
117,(-2.8, 0.0, 2.1),True,266.8318,0.4443665,True
118,(2.1, 0.0, -2.8),False,0,0,False
119,(-0.7, 0.0, -2.8),True,271.4519,0.5,True
120,(-1.4, 0.0, -0.7),True,272.7733,0.3661804,True
121,(2.1, 0.0, -1.4),True,274.7169,0.4109192,True
122,(-0.7, 0.0, 0.7),True,277.3269,0.333374,True
123,(0.7, 0.0, 3.5),False,0,0,False
124,(0.7, 0.0, -2.8),False,0,0,False
125,(-0.7, 0.0, -2.8),True,283.7574,0.4999695,True
126,(-0.7, 0.0, -3.5),False,0,0,False
127,(-0.7, 0.0, -1.4),True,287.8442,0.3888855,True
128,(0.7, 0.0, 0.7),True,289.9431,0.3776245,True
129,(-1.4, 0.0, 0.7),True,292.331,0.3884583,True
130,(-3.5, 0.0, 0.7),True,294.0414,0.5444946,True
131,(1.4, 0.0, -3.5),False,0,0,False
132,(3.5, 0.0, 0.7),False,0,0,False
133,(0.7, 0.0, 0.7),True,300.3383,0.3776245,True
134,(-3.5, 0.0, 1.4),False,0,0,False
135,(1.4, 0.0, 3.5),False,0,0,False
136,(0.7, 0.0, 1.4),True,306.1024,0.4111328,True
137,(-2.8, 0.0, 0.7),True,309.2231,0.3999634,True
138,(-1.4, 0.0, 2.1),True,310.678,0.4110413,True
139,(-1.4, 0.0, -3.5),False,0,0,False
140,(2.1, 0.0, 2.8),True,316.7532,0.7220459,True
141,(-2.8, 0.0, 2.1),True,319.5415,0.4890747,True
142,(-0.7, 0.0, 3.5),False,0,0,False
143,(1.4, 0.0, 2.1),True,323.0389,0.5440063,True
144,(-2.8, 0.0, 0.7),True,325.627,0.3779297,True
145,(-2.1, 0.0, -1.4),True,327.2704,0.4328918,True
146,(1.4, 0.0, 2.1),True,328.8475,0.5776672,True
147,(-3.5, 0.0, -0.7),False,0,0,False
148,(-1.4, 0.0, 2.1),True,334.5785,0.4109802,True
149,(-2.8, 0.0, -2.1),False,0,0,False
150,(-0.7, 0.0, -1.4),True,338.9426,0.3552246,True
151,(1.4, 0.0, -3.5),False,0,0,False
152,(2.8, 0.0, -2.1),False,0,0,False
153,(0.7, 0.0, -0.7),True,345.2955,0.3997803,True
154,(-3.5, 0.0, -0.7),True,347.0721,0.7218628,True
155,(-2.1, 0.0, -2.8),False,0,0,False
