424.6359
0,(2.8, 0.0, -0.7),True,0.5211411,0.5211411,True
1,(2.8, 0.0, 2.1),False,0,0,False
2,(0.7, 0.0, -1.4),True,4.819962,0.366478,True
3,(0.7, 0.0, -3.5),False,0,0,False
4,(0.7, 0.0, -1.4),True,9.451225,0.288765,True
5,(3.5, 0.0, 0.7),False,0,0,False
6,(1.4, 0.0, 3.5),False,0,0,False
7,(2.8, 0.0, 0.7),True,17.89184,0.3666153,True
8,(0.7, 0.0, 1.4),True,20.30175,0.4109955,True
9,(0.7, 0.0, 2.8),True,23.50083,0.7556763,True
10,(-0.7, 0.0, 0.7),False,0,0,False
11,(-0.7, 0.0, 3.5),False,0,0,False
12,(-0.7, 0.0, -3.5),False,0,0,False
13,(-0.7, 0.0, 0.7),True,31.97469,0.500351,True
14,(1.4, 0.0, -0.7),True,34.06244,0.3447189,True
15,(-1.4, 0.0, -2.1),True,37.04998,0.4445953,True
16,(0.7, 0.0, 2.8),True,39.18176,0.655304,False
17,(-0.7, 0.0, -0.7),False,0,0,False
18,(-2.1, 0.0, -1.4),True,42.38094,0.4780655,True
19,(-1.4, 0.0, -0.7),True,43.89175,0.5771484,True
20,(3.5, 0.0, -0.7),False,0,0,False
21,(-2.1, 0.0, -2.8),False,0,0,False
22,(-2.1, 0.0, 2.8),False,0,0,False
23,(-1.4, 0.0, 3.5),False,0,0,False
24,(-1.4, 0.0, -2.1),True,52.86444,0.7552795,True
25,(-2.1, 0.0, 2.8),False,0,0,False
26,(2.1, 0.0, 2.8),False,0,0,False
27,(2.1, 0.0, -1.4),True,59.44026,0.4445801,True
28,(-1.4, 0.0, -3.5),True,61.66032,0.6436768,True
29,(1.4, 0.0, 0.7),True,63.52649,0.3995514,True
30,(2.1, 0.0, -2.8),True,65.32559,0.3666382,True
31,(3.5, 0.0, -1.4),True,67.96872,0.2772827,True
32,(-1.4, 0.0, -2.1),True,69.45671,0.3998566,True
33,(-2.1, 0.0, 1.4),True,71.18919,0.4437714,True
34,(3.5, 0.0, 0.7),False,0,0,False
35,(2.8, 0.0, -0.7),True,74.24342,0.2665863,True
36,(-2.8, 0.0, -2.1),False,0,0,False
37,(0.7, 0.0, -2.8),True,78.11946,0.3108368,True
38,(2.8, 0.0, -0.7),True,80.39647,0.4000854,True
39,(-1.4, 0.0, 3.5),False,0,0,False
40,(0.7, 0.0, 0.7),True,83.85019,0.3668213,True
41,(-3.5, 0.0, 1.4),False,0,0,False
42,(3.5, 0.0, 1.4),True,88.58109,0.3987274,True
43,(-2.8, 0.0, 2.1),False,0,0,False
44,(-3.5, 0.0, 0.7),True,93.20125,0.7105865,True
45,(1.4, 0.0, -0.7),True,95.35667,0.3340302,True
46,(-0.7, 0.0, 2.8),True,97.899,0.4550476,True
47,(2.1, 0.0, 2.8),False,0,0,False
48,(3.5, 0.0, -1.4),False,0,0,False
49,(0.7, 0.0, -2.8),True,107.2504,0.5110474,True
50,(-1.4, 0.0, -0.7),True,109.7059,0.4662781,True
51,(1.4, 0.0, -2.1),True,111.6153,0.3889008,True
52,(-3.5, 0.0, -1.4),False,0,0,False
53,(2.8, 0.0, 0.7),True,115.4798,0.4105225,True
54,(-1.4, 0.0, 2.1),True,118.0566,0.3885193,True
55,(2.8, 0.0, -2.1),True,119.8891,0.5883484,True
56,(1.4, 0.0, -2.1),True,122.0327,0.2887878,True
57,(-1.4, 0.0, 3.5),False,0,0,False
58,(0.7, 0.0, -3.5),True,126.5746,0.4219055,True
59,(-2.1, 0.0, 1.4),True,128.6183,0.7220764,True
60,(-0.7, 0.0, 1.4),True,130.7956,0.4668579,False
61,(0.7, 0.0, -0.7),True,133.6494,0.3663788,True
62,(-3.5, 0.0, -0.7),False,0,0,False
63,(3.5, 0.0, 1.4),False,0,0,False
64,(2.1, 0.0, 1.4),True,141.5457,0.3219299,True
65,(-2.1, 0.0, 2.8),True,143.9892,0.07780457,True
66,(2.8, 0.0, 0.7),True,147.6203,0.7552032,True
67,(0.7, 0.0, -1.4),True,150.519,0.6217651,True
68,(3.5, 0.0, 1.4),False,0,0,False
69,(-0.7, 0.0, 2.8),True,154.6507,0.5778503,False
70,(-1.4, 0.0, 0.7),True,157.327,0.4221191,True
71,(2.8, 0.0, 2.1),False,0,0,False
72,(0.7, 0.0, 3.5),False,0,0,False
73,(-2.1, 0.0, 1.4),True,164.2905,0.6547699,True
74,(-1.4, 0.0, 0.7),True,166.5228,0.5661926,True
75,(0.7, 0.0, 1.4),True,168.7883,0.3998413,True
76,(-2.8, 0.0, -2.1),False,0,0,False
77,(2.1, 0.0, 1.4),True,173.9641,0.3779449,True
78,(1.4, 0.0, 0.7),True,175.5188,0.4778595,True
79,(-0.7, 0.0, -1.4),False,0,0,False
80,(1.4, 0.0, 3.5),False,0,0,False
81,(-2.1, 0.0, -1.4),True,181.8055,0.3443451,True
82,(1.4, 0.0, -2.1),True,183.5558,0.4291687,True
83,(-0.7, 0.0, -0.7),True,185.1476,0.5439758,True
84,(-0.7, 0.0, 1.4),True,188.113,0.3778381,True
85,(2.1, 0.0, 1.4),True,191.6001,0.6109314,True
86,(-2.8, 0.0, -0.7),True,193.8217,0.4225159,True
87,(0.7, 0.0, -3.5),True,196.1315,0.421936,True
88,(-3.5, 0.0, 1.4),False,0,0,False
89,(-0.7, 0.0, -2.8),True,199.1192,0.388916,True
90,(0.7, 0.0, -0.7),True,200.8848,0.4437866,True
91,(3.5, 0.0, -0.7),False,0,0,False
92,(-2.1, 0.0, -2.8),True,205.5381,0.4743958,True
93,(-3.5, 0.0, -1.4),False,0,0,False
94,(2.8, 0.0, -2.1),True,210.6358,0.5883484,True
95,(1.4, 0.0, -3.5),True,213.0572,0.643158,True
96,(0.7, 0.0, 3.5),False,0,0,False
97,(1.4, 0.0, -0.7),True,216.3441,0.3552551,True
98,(-2.8, 0.0, -0.7),True,219.3657,0.4994202,True
99,(1.4, 0.0, 0.7),True,221.764,0.3773193,True
100,(-3.5, 0.0, 0.7),False,0,0,False
101,(-0.7, 0.0, 2.8),True,227.9941,0.7877808,True
102,(2.1, 0.0, -2.8),True,230.127,0.5003052,True
103,(3.5, 0.0, -0.7),True,232.0591,0.5207825,True
104,(-3.5, 0.0, -1.4),False,0,0,False
105,(3.5, 0.0, -1.4),False,0,0,False
106,(-0.7, 0.0, -3.5),False,0,0,False
107,(2.1, 0.0, -1.4),True,240.6882,0.7437134,True
108,(-2.8, 0.0, 0.7),True,242.5875,0.5663757,True
109,(-0.7, 0.0, 3.5),False,0,0,False
110,(-1.4, 0.0, -3.5),True,246.0193,0.7663879,True
111,(0.7, 0.0, 2.8),False,0,0,False
112,(-0.7, 0.0, -0.7),True,249.3513,0.5224304,True
113,(-2.8, 0.0, -0.7),True,250.9506,0.5218811,True
114,(2.8, 0.0, 2.1),False,0,0,False
115,(1.4, 0.0, 2.1),True,255.2497,0.3787537,True
116,(-0.7, 0.0, 1.4),True,256.981,0.1334534,True
117,(-2.8, 0.0, 2.1),False,0,0,False
118,(2.1, 0.0, -2.8),True,263.5114,0.6556091,True
119,(-0.7, 0.0, -2.8),True,266.2161,0.4501038,True
120,(-1.4, 0.0, -0.7),True,267.9868,0.5552673,True
121,(2.1, 0.0, -1.4),True,270.1415,0.3782043,True
122,(-0.7, 0.0, 0.7),True,271.8627,0.4666443,True
123,(0.7, 0.0, 3.5),False,0,0,False
124,(0.7, 0.0, -2.8),True,276.8381,0.4442444,True
125,(-0.7, 0.0, -2.8),True,279.4591,0.4773254,True
126,(-0.7, 0.0, -3.5),True,282.1246,0.4665222,True
127,(-0.7, 0.0, -1.4),True,283.9126,0.377533,False
128,(0.7, 0.0, 0.7),True,285.4897,0.03302002,False
129,(-1.4, 0.0, 0.7),True,288.8055,0.3615112,True
130,(-3.5, 0.0, 0.7),False,0,0,False
131,(1.4, 0.0, -3.5),True,294.3089,0.4108582,True
132,(3.5, 0.0, 0.7),False,0,0,False
133,(0.7, 0.0, 0.7),True,298.8845,0.3328857,True
134,(-3.5, 0.0, 1.4),False,0,0,False
135,(1.4, 0.0, 3.5),True,303.5047,0.3108521,True
136,(0.7, 0.0, 1.4),True,305.8136,0.4331055,False
137,(-2.8, 0.0, 0.7),False,0,0,False
138,(-1.4, 0.0, 2.1),True,310.5116,0.3664856,True
139,(-1.4, 0.0, -3.5),False,0,0,False
140,(2.1, 0.0, 2.8),False,0,0,False
141,(-2.8, 0.0, 2.1),False,0,0,False
142,(-0.7, 0.0, 3.5),True,320.1627,0.3556519,True
143,(1.4, 0.0, 2.1),True,322.8057,0.588623,True
144,(-2.8, 0.0, 0.7),True,325.882,0.454834,True
145,(-2.1, 0.0, -1.4),True,327.3149,0.5221558,True
146,(1.4, 0.0, 2.1),True,329.4804,0.4549866,True
147,(-3.5, 0.0, -0.7),False,0,0,False
148,(-1.4, 0.0, 2.1),True,333.0901,0.4930725,True
149,(-2.8, 0.0, -2.1),False,0,0,False
150,(-0.7, 0.0, -1.4),True,337.8431,0.322052,True
151,(1.4, 0.0, -3.5),True,340.7197,0.4220886,True
152,(2.8, 0.0, -2.1),True,343.5182,0.3886719,True
153,(0.7, 0.0, -0.7),True,346.2284,0.4667664,True
154,(-3.5, 0.0, -0.7),False,0,0,False
155,(-2.1, 0.0, -2.8),True,351.3146,0.4443054,True
