0 [Y] [(-1.4, 0.0, 3.5)]
1 [Y] [(-0.7, 0.0, 3.5)]
2 [N] [(1.4, 0.0, 3.5)]
3 [Y] [(0.7, 0.0, 3.5)]
4 [N] [(-2.1, 0.0, 2.8)]
5 [N] [(-1.4, 0.0, 2.8)]
6 [Y] [(-0.7, 0.0, 2.8)]
0 [N] [(-1.4, 0.0, 3.5)]
1 [N] [(-0.7, 0.0, 3.5)]
2 [N] [(1.4, 0.0, 3.5)]
3 [N] [(0.7, 0.0, 3.5)]
4 [N] [(-2.1, 0.0, 2.8)]
5 [N] [(-1.4, 0.0, 2.8)]
6 [N] [(-0.7, 0.0, 2.8)]
0 [N] [(-1.4, 0.0, 3.5)]
1 [N] [(-0.7, 0.0, 3.5)]
2 [N] [(1.4, 0.0, 3.5)]
3 [N] [(0.7, 0.0, 3.5)]
4 [N] [(-2.1, 0.0, 2.8)]
5 [N] [(-1.4, 0.0, 2.8)]
6 [N] [(-0.7, 0.0, 2.8)]
0 [N] [(2.1, 0.0, 0.7)]
1 [Y] [(1.4, 0.0, 0.7)]
2 [Y] [(0.7, 0.0, 0.7)]
3 [N] [(-3.5, 0.0, -0.7)]
4 [N] [(-2.8, 0.0, -0.7)]
5 [N] [(-2.1, 0.0, -0.7)]
6 [Y] [(-1.4, 0.0, -0.7)]
7 [N] [(-0.7, 0.0, -0.7)]
8 [N] [(3.5, 0.0, -0.7)]
9 [N] [(2.8, 0.0, -0.7)]
10 [N] [(2.1, 0.0, -0.7)]
11 [N] [(1.4, 0.0, -0.7)]
12 [N] [(0.7, 0.0, -0.7)]
13 [N] [(-3.5, 0.0, -1.4)]
14 [N] [(-2.8, 0.0, -1.4)]
15 [N] [(-2.1, 0.0, -1.4)]
16 [N] [(-1.4, 0.0, -1.4)]
17 [N] [(-0.7, 0.0, -1.4)]
18 [N] [(3.5, 0.0, -1.4)]
