396.3644
0,(2.8, 0.0, -0.7),False,0,0,False
1,(2.8, 0.0, 2.1),False,0,0,False
2,(0.7, 0.0, -1.4),False,0,0,False
3,(0.7, 0.0, -3.5),False,0,0,False
4,(0.7, 0.0, -1.4),False,0,0,False
5,(3.5, 0.0, 0.7),False,0,0,False
6,(1.4, 0.0, 3.5),True,14.20444,0.3443604,True
7,(2.8, 0.0, 0.7),False,0,0,False
8,(0.7, 0.0, 1.4),False,0,0,False
9,(0.7, 0.0, 2.8),False,0,0,False
10,(-0.7, 0.0, 0.7),False,0,0,False
11,(-0.7, 0.0, 3.5),False,0,0,False
12,(-0.7, 0.0, -3.5),True,27.27626,0.7551956,True
13,(-0.7, 0.0, 0.7),True,29.90823,0.4332886,True
14,(1.4, 0.0, -0.7),False,0,0,False
15,(-1.4, 0.0, -2.1),True,35.01706,0.4331589,True
16,(0.7, 0.0, 2.8),False,0,0,False
17,(-0.7, 0.0, -0.7),True,39.15937,0.3773651,True
18,(-2.1, 0.0, -1.4),True,42.2358,0.4665527,True
19,(-1.4, 0.0, -0.7),True,45.41212,0.3777161,True
20,(3.5, 0.0, -0.7),False,0,0,False
21,(-2.1, 0.0, -2.8),True,48.98819,0.3888016,False
22,(-2.1, 0.0, 2.8),False,0,0,False
23,(-1.4, 0.0, 3.5),False,0,0,False
24,(-1.4, 0.0, -2.1),True,55.09643,0.4331284,False
25,(-2.1, 0.0, 2.8),False,0,0,False
26,(2.1, 0.0, 2.8),False,0,0,False
27,(2.1, 0.0, -1.4),False,0,0,False
28,(-1.4, 0.0, -3.5),True,64.93627,0.4109726,False
29,(1.4, 0.0, 0.7),False,0,0,False
30,(2.1, 0.0, -2.8),False,0,0,False
31,(3.5, 0.0, -1.4),False,0,0,False
32,(-1.4, 0.0, -2.1),True,74.77607,0.4218597,True
33,(-2.1, 0.0, 1.4),True,78.06367,0.6442566,True
34,(3.5, 0.0, 0.7),False,0,0,False
35,(2.8, 0.0, -0.7),False,0,0,False
36,(-2.8, 0.0, -2.1),True,84.8271,0.5659866,True
37,(0.7, 0.0, -2.8),False,0,0,False
38,(2.8, 0.0, -0.7),False,0,0,False
39,(-1.4, 0.0, 3.5),False,0,0,False
40,(0.7, 0.0, 0.7),False,0,0,False
41,(-3.5, 0.0, 1.4),False,0,0,False
42,(3.5, 0.0, 1.4),False,0,0,False
43,(-2.8, 0.0, 2.1),False,0,0,False
44,(-3.5, 0.0, 0.7),False,0,0,False
45,(1.4, 0.0, -0.7),False,0,0,False
46,(-0.7, 0.0, 2.8),False,0,0,False
47,(2.1, 0.0, 2.8),False,0,0,False
48,(3.5, 0.0, -1.4),False,0,0,False
49,(0.7, 0.0, -2.8),False,0,0,False
50,(-1.4, 0.0, -0.7),True,120.9769,0.4998016,True
51,(1.4, 0.0, -2.1),False,0,0,False
52,(-3.5, 0.0, -1.4),False,0,0,False
53,(2.8, 0.0, 0.7),False,0,0,False
54,(-1.4, 0.0, 2.1),False,0,0,False
55,(2.8, 0.0, -2.1),False,0,0,False
56,(1.4, 0.0, -2.1),False,0,0,False
57,(-1.4, 0.0, 3.5),False,0,0,False
58,(0.7, 0.0, -3.5),False,0,0,False
59,(-2.1, 0.0, 1.4),False,0,0,False
60,(-0.7, 0.0, 1.4),True,140.7678,0.5332336,True
61,(0.7, 0.0, -0.7),False,0,0,False
62,(-3.5, 0.0, -0.7),False,0,0,False
63,(3.5, 0.0, 1.4),False,0,0,False
64,(2.1, 0.0, 1.4),False,0,0,False
65,(-2.1, 0.0, 2.8),False,0,0,False
66,(2.8, 0.0, 0.7),False,0,0,False
67,(0.7, 0.0, -1.4),False,0,0,False
68,(3.5, 0.0, 1.4),False,0,0,False
69,(-0.7, 0.0, 2.8),False,0,0,False
70,(-1.4, 0.0, 0.7),True,162.2466,0.3998413,True
71,(2.8, 0.0, 2.1),False,0,0,False
72,(0.7, 0.0, 3.5),False,0,0,False
73,(-2.1, 0.0, 1.4),False,0,0,False
74,(-1.4, 0.0, 0.7),True,173.3193,0.4332275,True
75,(0.7, 0.0, 1.4),False,0,0,False
76,(-2.8, 0.0, -2.1),True,178.3279,0.6218414,False
77,(2.1, 0.0, 1.4),False,0,0,False
78,(1.4, 0.0, 0.7),False,0,0,False
79,(-0.7, 0.0, -1.4),True,186.3356,0.5332184,True
80,(1.4, 0.0, 3.5),False,0,0,False
81,(-2.1, 0.0, -1.4),True,190.6113,0.4333801,True
82,(1.4, 0.0, -2.1),False,0,0,False
83,(-0.7, 0.0, -0.7),True,194.3649,0.5996857,True
84,(-0.7, 0.0, 1.4),True,196.5861,0.4776154,True
85,(2.1, 0.0, 1.4),False,0,0,False
86,(-2.8, 0.0, -0.7),True,202.5499,0.4886169,True
87,(0.7, 0.0, -3.5),False,0,0,False
88,(-3.5, 0.0, 1.4),False,0,0,False
89,(-0.7, 0.0, -2.8),True,210.7907,0.5441895,True
90,(0.7, 0.0, -0.7),False,0,0,False
91,(3.5, 0.0, -0.7),False,0,0,False
92,(-2.1, 0.0, -2.8),True,218.2099,0.6336517,True
93,(-3.5, 0.0, -1.4),False,0,0,False
94,(2.8, 0.0, -2.1),False,0,0,False
95,(1.4, 0.0, -3.5),False,0,0,False
96,(0.7, 0.0, 3.5),False,0,0,False
97,(1.4, 0.0, -0.7),False,0,0,False
98,(-2.8, 0.0, -0.7),True,234.0576,0.5218201,True
99,(1.4, 0.0, 0.7),False,0,0,False
100,(-3.5, 0.0, 0.7),False,0,0,False
101,(-0.7, 0.0, 2.8),False,0,0,False
102,(2.1, 0.0, -2.8),False,0,0,False
103,(3.5, 0.0, -0.7),False,0,0,False
104,(-3.5, 0.0, -1.4),False,0,0,False
105,(3.5, 0.0, -1.4),False,0,0,False
106,(-0.7, 0.0, -3.5),True,254.2928,0.6777039,True
107,(2.1, 0.0, -1.4),False,0,0,False
108,(-2.8, 0.0, 0.7),True,258.1468,0.5776062,True
109,(-0.7, 0.0, 3.5),False,0,0,False
110,(-1.4, 0.0, -3.5),True,264.0435,0.6107178,True
111,(0.7, 0.0, 2.8),False,0,0,False
112,(-0.7, 0.0, -0.7),True,269.4966,0.3997498,True
113,(-2.8, 0.0, -0.7),True,271.3402,0.421875,True
114,(2.8, 0.0, 2.1),False,0,0,False
115,(1.4, 0.0, 2.1),False,0,0,False
116,(-0.7, 0.0, 1.4),True,279.0035,0.4665833,True
117,(-2.8, 0.0, 2.1),False,0,0,False
118,(2.1, 0.0, -2.8),False,0,0,False
119,(-0.7, 0.0, -2.8),True,285.167,0.4328613,True
120,(-1.4, 0.0, -0.7),True,287.4882,0.3995361,True
121,(2.1, 0.0, -1.4),False,0,0,False
122,(-0.7, 0.0, 0.7),True,291.7307,0.4331055,True
123,(0.7, 0.0, 3.5),False,0,0,False
124,(0.7, 0.0, -2.8),False,0,0,False
125,(-0.7, 0.0, -2.8),True,297.0616,0.5221558,True
126,(-0.7, 0.0, -3.5),True,299.9271,0.6554565,True
127,(-0.7, 0.0, -1.4),True,302.3147,0.4998169,True
128,(0.7, 0.0, 0.7),False,0,0,False
129,(-1.4, 0.0, 0.7),True,306.2017,0.4996643,True
130,(-3.5, 0.0, 0.7),False,0,0,False
131,(1.4, 0.0, -3.5),False,0,0,False
132,(3.5, 0.0, 0.7),False,0,0,False
133,(0.7, 0.0, 0.7),False,0,0,False
134,(-3.5, 0.0, 1.4),False,0,0,False
135,(1.4, 0.0, 3.5),False,0,0,False
136,(0.7, 0.0, 1.4),False,0,0,False
137,(-2.8, 0.0, 0.7),True,323.4269,0.6329956,True
138,(-1.4, 0.0, 2.1),False,0,0,False
139,(-1.4, 0.0, -3.5),True,326.6256,0.655304,True
140,(2.1, 0.0, 2.8),False,0,0,False
141,(-2.8, 0.0, 2.1),False,0,0,False
142,(-0.7, 0.0, 3.5),False,0,0,False
143,(1.4, 0.0, 2.1),False,0,0,False
144,(-2.8, 0.0, 0.7),True,335.3992,0.6552429,True
145,(-2.1, 0.0, -1.4),True,338.2426,0.4112854,True
146,(1.4, 0.0, 2.1),False,0,0,False
147,(-3.5, 0.0, -0.7),False,0,0,False
148,(-1.4, 0.0, 2.1),False,0,0,False
149,(-2.8, 0.0, -2.1),True,348.3381,0.4779663,True
150,(-0.7, 0.0, -1.4),True,351.3141,0.3999329,True
151,(1.4, 0.0, -3.5),False,0,0,False
152,(2.8, 0.0, -2.1),False,0,0,False
153,(0.7, 0.0, -0.7),False,0,0,False
154,(-3.5, 0.0, -0.7),False,0,0,False
155,(-2.1, 0.0, -2.8),True,362.5981,0.5111084,True
