0.02721596,-0.1228313,-1.836989,False
0.03332901,-0.1228747,-1.83764,False
0.04172707,-0.1239247,-1.852358,False
0.05328178,-0.1168826,-1.869783,False
0.06399918,-0.1097872,-1.874552,False
0.07519913,-0.106796,-1.872569,False
0.08630943,-0.1069846,-1.860709,False
0.09729385,-0.1067138,-1.849116,False
0.1083946,-0.1135442,-1.835498,False
0.119566,-0.04747868,-1.793116,False
0.130764,-0.001823664,-1.699798,False
0.1417809,0.04165554,-1.714519,False
0.1528587,-0.1644409,-1.487462,False
0.1639442,-0.1457922,-1.355981,False
0.1751156,-0.02908254,-1.558766,False
0.1864433,0.02361774,-1.540819,False
0.1972942,-0.008961678,-1.507641,False
0.2087307,0.0837934,-1.436138,False
0.2196884,0.1559405,-1.462052,False
0.2310963,0.1540284,-1.493091,False
0.2418175,0.1388097,-1.489705,False
0.2528973,0.07275271,-1.466609,False
0.2639256,-0.05207324,-1.426907,False
0.2750053,-0.05835581,-1.389344,False
0.2861347,-0.01486564,-1.520323,False
0.2972469,-0.0458765,-1.542984,False
0.3084106,-0.0116756,-1.48212,False
0.3196239,0.01792717,-1.515456,False
0.3306332,0.02930737,-1.555555,False
0.341917,0.01851201,-1.546877,False
0.3529434,0.03746152,-1.531717,False
0.3639297,0.07211566,-1.545879,False
0.3749352,0.05178595,-1.546307,False
0.3864784,0.1222432,-1.266749,False
0.3974857,0.03911448,-0.7968961,False
0.4087772,0.1110442,-0.3017074,True
0.4199924,0.1796629,-0.0969184,True
0.4314976,0.1698632,-0.05901492,True
0.4425621,0.2020848,-0.05745545,True
0.4539967,0.1499341,0.09936604,True
0.4652538,0.09816051,0.1169618,True
0.4764767,0.08899689,0.1149583,True
0.4877892,0.05625367,0.1144769,True
0.4990578,0.08904171,0.1255105,True
0.5102654,0.1297288,0.1661248,True
0.5215111,0.133116,0.1546945,True
0.5327377,0.1264017,0.1544324,True
0.5440369,0.1138494,0.1580141,True
0.5552521,0.09581971,0.1509619,True
0.5663147,0.06521702,0.1236832,True
0.577343,0.03327394,0.08976743,True
0.5889053,0.03078508,0.08903739,True
0.5999184,0.03026509,0.08675209,True
0.6108379,0.03213191,0.08675584,True
0.6219311,0.03192639,0.08862364,True
0.6329575,0.04147005,0.09081706,True
0.644043,0.0381465,0.08645219,True
0.6552677,0.01739693,0.04587489,True
0.666235,0.012321,0.04058778,True
0.6774559,0.01490498,0.02039155,True
0.6888332,0.02184463,0.02764338,True
0.6996212,0.01324558,-0.005898595,True
0.7107449,0.03074932,0.01842859,True
0.7218304,0.0328176,0.01211268,True
0.7329063,0.02556777,-0.009109199,True
0.7440987,0.01998067,0.02639961,True
0.7550583,0.0199759,0.008382946,True
0.7661991,0.02474046,0.0126287,True
0.7772865,0.03333902,0.01811898,True
0.7886028,0.04483533,0.01190788,True
0.7994938,0.05022001,0.006109297,True
0.8109055,0.05218983,0.00693728,True
0.8217735,0.05468702,0.01905702,True
0.8332043,0.05271101,0.009631068,True
0.8444557,-0.01522565,0.05820914,True
0.8553753,0.07150483,0.03658217,True
0.8661842,0.05121207,0.07909894,True
0.8774433,0.04164171,0.04070961,True
0.8885212,0.02112961,0.05354883,True
0.8995266,0.08074522,0.03990562,True
0.9105568,0.03065658,0.04039146,True
0.9217796,0.03449488,0.04806471,True
0.9328117,0.04330707,0.04983424,True
0.9438553,0.07748818,-0.006526604,True
0.9552364,0.3550529,0.1894886,True
0.9663296,0.8331702,0.1548895,False
0.9773235,1.701993,0.3154844,False
0.9884357,2.238308,0.415514,False
0.9994507,2.684566,0.4440062,False
1.010622,3.755937,0.6022354,False
1.021618,3.975212,0.5582802,False
1.033222,3.964139,0.4426964,False
1.044233,3.995736,0.3730499,False
1.055302,3.951621,0.469804,False
1.066483,3.918184,0.4758714,False
1.077618,3.987959,0.3990622,False
1.088705,3.84222,0.4529942,False
1.099857,3.97686,0.5207596,False
1.110937,3.910704,0.6055062,False
1.122295,3.879459,0.4538242,False
1.133005,3.906774,0.5426403,False
1.144192,3.918046,0.5610203,False
1.155338,3.904414,0.682882,False
1.166468,3.843239,0.7658958,False
1.177513,3.845692,1.356127,False
1.188713,3.8162,1.162072,False
1.199596,3.884407,1.257061,False
1.210499,3.543594,1.39457,False
1.221565,3.687287,1.229807,False
1.232685,3.726099,1.125638,False
1.244589,3.812112,1.365318,False
1.254831,3.783358,1.323889,False
1.26609,3.619543,1.548796,False
1.277313,2.395949,0.8654975,False
1.288149,1.954643,0.7564697,False
1.299456,1.302601,0.4334071,False
1.310564,0.329998,0.1658475,True
1.321815,0.09053421,0.1993216,True
1.332535,0.08188605,0.1834616,True
1.343767,0.1280766,0.1704214,True
1.354755,0.1165972,0.1441854,True
1.365927,0.1020648,0.2248333,True
1.377001,0.267889,0.1680619,True
1.388184,0.3226378,0.2650968,True
1.399157,0.2439616,0.1799216,True
1.4104,0.2872996,0.2265085,True
1.421474,0.3327727,0.1979597,True
1.43277,0.3385084,0.1937076,True
1.44363,0.3226459,0.2025836,True
1.454784,0.3062072,0.208527,True
1.465874,0.277019,0.2115206,True
1.477015,0.2668433,0.2070507,True
1.488045,0.3656244,0.166474,True
1.499235,0.3466432,0.2128831,True
1.51026,-0.1966813,0.1986747,True
1.521353,-0.5639589,0.4739653,False
1.532543,-1.025779,0.6433494,False
1.543665,-1.433203,0.5595197,False
1.554756,-1.283941,0.475868,False
1.565958,-1.276039,0.4468507,False
1.577087,-1.159348,0.5006969,False
1.588425,-1.179598,0.5886142,False
1.599195,-1.275217,0.5609812,False
1.610214,-1.186378,0.4749337,False
1.621372,-1.171927,0.4424168,False
1.632483,-1.194498,0.4544063,False
1.643591,-1.171666,0.4405989,False
1.654694,-1.164015,0.4248143,False
1.665855,-1.156648,0.4157028,False
1.676876,-1.073851,0.344873,False
1.688049,-1.061658,0.3410723,False
1.699093,-1.094389,0.3220315,False
1.710142,-1.03992,0.2510531,False
1.721333,-1.014569,0.2874536,False
1.73284,-1.014418,0.2067867,False
1.743744,-1.060856,0.4564186,False
1.754507,-0.9243798,0.3815691,False
1.765738,-0.9734647,0.3507426,False
1.776962,-0.9178991,0.283481,False
1.788027,-0.9413714,0.1738869,False
1.79904,-0.9190576,0.1757237,False
1.810184,-0.9986334,0.2565863,False
1.821779,-0.9980783,0.3035524,False
1.832424,-0.8820136,0.2123585,False
1.84347,-0.3674579,-0.1294153,True
1.854656,-0.1853635,-0.4468026,True
1.865662,0.01134634,-0.4479953,True
1.876846,0.004356146,-0.4691293,True
1.888069,-0.008691072,-0.5696017,False
1.899191,0.03369832,-0.6883448,False
1.910063,-0.03542066,-0.4091011,True
1.921186,-0.04521394,-0.3498585,True
1.932405,0.0006685257,-0.5226657,False
1.944126,0.02430058,-0.6026931,False
1.954819,0.01326513,-0.6059518,False
1.965721,0.02006197,-0.597648,False
1.977251,-0.02353215,-0.6504324,False
1.987841,-0.003269911,-0.4714596,True
1.999004,-0.0399642,-0.4839652,True
2.010098,-0.08109188,-0.4784308,True
2.021214,-0.08643389,-0.4394066,True
2.032393,-0.1387589,-0.4971329,False
2.043692,-0.1762896,-0.4861058,False
2.05467,-0.128598,-0.3968318,True
2.06551,-0.07191515,-0.4112358,True
2.077093,-0.07966924,-0.2858852,True
2.087875,-0.1419036,-0.3339728,True
2.098902,-0.137836,-0.2785147,True
2.109966,-0.1839657,-0.20746,True
2.121191,-0.2154906,-0.2366817,True
2.132217,-0.2047615,-0.1885025,True
2.143442,-0.2733846,0.02065071,True
2.154465,-0.3438916,-0.01088913,True
2.165541,-0.2705686,-0.1740206,True
2.176785,-0.2785733,-0.1752685,True
2.187862,-0.3807504,-0.09929359,True
2.198872,-0.4085672,-0.0586575,True
2.210293,-0.5317352,-3.539026E-08,False
2.221512,-0.3996887,-0.03887935,True
2.232302,-0.5088959,-0.01069219,False
2.243307,-0.4633086,0.028135,True
2.254372,-0.5875719,0.07366917,False
2.265528,-0.5616803,0.08167215,False
2.276999,-0.3935711,0.08029415,True
2.2878,-0.4106536,0.1574712,True
2.29948,-0.4752228,0.1508726,False
2.310616,-0.4468222,0.2197913,False
2.32197,-0.4326816,0.2044251,True
2.332567,-0.4215839,0.1864556,True
2.344116,-0.5309322,0.2940575,False
2.355206,-0.5592797,0.2885586,False
2.366533,-0.536839,0.3517211,False
2.376974,-0.5325255,0.3982219,False
2.388262,-0.6239936,0.4093701,False
2.39901,-0.5864685,0.4370878,False
2.410311,-0.5481036,0.4211197,False
2.421471,-0.5165155,0.4813594,False
2.43243,-0.5783632,0.5585802,False
2.44348,-0.5124571,0.6067678,False
2.454569,-0.4762228,0.6299736,False
2.465776,-0.4610958,0.633377,False
2.476734,-0.3925831,0.6268378,False
2.487915,-0.3678944,0.7113141,False
2.499027,-0.4036248,0.7060923,False
2.510042,-0.3715401,0.6763901,False
2.521309,-0.4431562,0.6951431,False
2.532192,-0.384939,0.6440209,False
2.543432,-0.381295,0.6050949,False
2.554365,-0.3856561,0.6543757,False
2.565502,-0.3673382,0.6387661,False
2.576723,-0.4425163,0.6809309,False
2.587954,-0.4339135,0.6679117,False
2.598721,-0.4310427,0.6760113,False
2.609892,-0.4535518,0.7260184,False
2.620966,-0.3908331,0.6360529,False
2.632313,-0.3124666,0.5940326,False
2.643198,-0.3690042,0.5826842,False
2.654364,-0.3097401,0.546782,False
2.665419,-0.3524802,0.5307831,False
2.676777,-0.391149,0.5541463,False
2.687782,-0.450567,0.4393048,False
2.69923,-0.427907,0.4538833,False
2.710646,-0.4327257,0.3914923,False
2.721634,-0.3691609,0.3036811,True
2.7325,-0.290663,0.01176065,True
2.743708,-0.1556594,-0.1730014,True
2.75485,-0.07680917,-0.2067407,True
2.766092,-0.004094362,-0.2880983,True
2.777069,0.02370739,-0.22558,True
2.788488,0.0272851,-0.1893271,True
2.798891,0.06618214,-0.2119089,True
2.810045,0.02269554,-0.07492542,True
2.821142,-0.06146097,-0.04933488,True
2.832474,-0.03987241,-0.02506208,True
2.843269,-0.09285784,-0.01533818,True
2.854395,-0.09463549,-0.02384043,True
2.865458,-0.08985639,-0.02052104,True
2.876627,-0.09257269,-0.0321362,True
2.888069,-0.08060169,0.08859015,True
2.899061,-0.02566743,0.001552343,True
2.91012,-0.009523153,-0.02857172,True
2.92136,-0.02256489,-0.01076519,True
2.932291,-0.02111411,0.007555723,True
2.943375,-0.03396368,0.02257311,True
2.954422,-0.03997493,0.02682269,True
2.965786,-0.04776645,0.05056477,True
2.976814,-0.02628779,0.0004140139,True
2.988058,-0.03189731,-0.03096509,True
2.999186,-0.02019382,-0.03904164,True
3.010595,-0.06005478,-0.132162,True
3.021448,-0.05936933,-0.1104356,True
3.032635,-0.05539775,-0.1404172,True
3.04357,-0.06024122,-0.1604359,True
3.054686,-0.06024098,-0.1604359,True
3.065796,-0.03023195,-0.1393137,True
3.07642,-0.01266932,-0.1377072,True
3.088087,-0.03795433,-0.1555598,True
3.099426,-0.03691626,-0.1571285,True
3.110146,-0.03975558,-0.1724495,True
3.120918,-0.01767159,-0.1550916,True
3.132023,-0.01911545,-0.1441008,True
3.143135,-0.01566458,-0.1140073,True
3.153982,-0.008013248,-0.182023,True
3.165079,0.005715609,-0.1524459,True
3.176189,-0.02977371,-0.228579,True
3.187378,-0.06942368,-0.2482709,True
3.198404,-0.04536605,-0.3025135,True
3.209549,0.4355481,-0.1595957,True
3.220537,0.7449291,0.04321414,False
3.232008,0.9625177,0.3159393,False
3.242882,1.389408,0.08448324,False
3.254145,1.899266,0.338322,False
3.26499,1.861798,0.09999394,False
3.276146,1.986682,0.349728,False
3.287294,1.898542,0.2598304,False
3.298853,2.012116,0.3395227,False
3.309441,1.827995,0.2825262,False
3.320604,1.953914,0.2318686,False
3.33172,1.835643,0.1880549,False
3.342779,1.848111,0.09811179,False
3.354084,1.36657,-0.2502677,False
3.365103,0.9437006,-0.3553894,False
3.37607,0.3947206,-0.7592406,False
3.387432,-0.34126,-0.6382045,False
3.398298,-0.2148025,-0.6150787,False
3.409449,-0.3322868,-0.5068473,False
3.42053,-0.2491007,-0.695388,False
3.431675,-0.2219386,-0.6534295,False
3.442812,-0.2587984,-0.7197695,False
3.454203,-0.2609169,-0.7178595,False
3.464975,-0.2723875,-0.7044818,False
3.476309,-0.1672959,-0.7826148,False
3.487234,-0.2013414,-0.7209422,False
3.49826,-0.1694601,-0.7044139,False
3.509365,-0.1758182,-0.7012659,False
3.520458,-0.1537979,-0.7462065,False
3.531618,-0.1317797,-0.8008553,False
3.542728,-0.1530371,-0.7553576,False
3.553795,-0.1661267,-0.712293,False
3.565121,-0.1142406,-0.6674899,False
3.575991,-0.1065319,-0.175747,True
3.588175,-0.09550333,-0.1235632,True
3.598335,-0.09790373,-0.1247188,True
3.609505,0.02447295,-0.1902641,True
3.620586,0.06695294,-0.1419119,True
3.63179,0.06215739,-0.2015944,True
3.643,-0.01214671,-0.1324805,True
3.653763,0.002287388,-0.1662678,True
3.670311,-0.02090478,-0.1652648,True
3.676023,-0.0208869,-0.1651196,True
3.687084,-0.0143609,-0.178679,True
3.698128,0.02184582,-0.1692554,True
3.709234,0.09298635,-0.1423922,True
3.720407,0.1005313,-0.1488199,True
3.73147,0.1171191,-0.1751055,True
3.742619,0.08587861,-0.1864535,True
3.753748,0.09439206,-0.1958752,True
3.764969,0.09736681,-0.2134338,True
3.775782,0.09261775,-0.2098781,True
3.787029,0.0909586,-0.2114694,True
3.798212,0.0812211,-0.2099441,True
3.809212,0.06550145,-0.2023472,True
3.820406,0.0607996,-0.2013783,True
3.83153,0.05522132,-0.1905666,True
3.842623,0.03183389,-0.1662412,True
3.853622,-0.0522604,-0.2934813,True
3.86488,-0.2080247,-0.2894124,True
3.875938,-0.2107339,-0.3515794,True
3.887051,-0.1990166,-0.3390529,True
3.898298,-0.1904886,-0.3318121,True
3.909206,-0.2041667,-0.3340233,True
3.920519,-0.1968081,-0.3443078,True
3.931381,-0.2087352,-0.3309054,True
3.942602,-0.2106464,-0.3407513,True
3.953959,-0.2334986,-0.3195803,True
3.964937,-0.2554915,-0.3059722,True
3.975763,-0.2537847,-0.3096233,True
3.986937,-0.2522156,-0.3166604,True
3.998329,-0.2509527,-0.3181798,True
4.009125,-0.2502344,-0.2984923,True
4.020277,-0.2550745,-0.2953512,True
4.031584,-0.3064024,-0.2927725,True
4.042442,-0.2663724,-0.2782966,True
4.053766,-0.2435265,-0.2739808,True
4.064638,-0.2380462,-0.2685715,True
4.076019,-0.2266195,-0.3328264,True
4.086876,-0.222589,-0.3332424,True
4.098122,-0.2191756,-0.33266,True
4.109226,-0.2133634,-0.3376673,True
4.120148,-0.2147624,-0.3453528,True
4.131374,-0.2070148,-0.342887,True
4.142431,-0.1856885,-0.3633547,True
4.153526,-0.1796215,-0.3645898,True
4.164606,-0.1813288,-0.3734747,True
4.175846,-0.1788511,-0.3677586,True
4.187145,-0.1685364,-0.3676383,True
4.197975,-0.1685529,-0.3682098,True
4.209091,-0.1658123,-0.3526164,True
4.220085,-0.1559484,-0.3805061,True
4.231527,-0.1502755,-0.3246098,True
4.242342,-0.1645985,-0.3552076,True
4.25354,-0.1423652,-0.3525086,True
4.264799,-0.1626091,-0.3355209,True
4.275671,-0.1398525,-0.3207831,True
4.286806,-0.02529097,-0.281241,True
4.297995,-0.06335068,-0.249528,True
4.308977,-0.02804804,-0.2501325,True
4.320032,-0.03081203,-0.266095,True
4.331446,-0.03469062,-0.2654689,True
4.342293,-0.0328958,-0.2613913,True
4.353413,-0.0247798,-0.2394352,True
4.364542,-0.0253911,-0.2318665,True
4.375603,-0.02597713,-0.2129284,True
4.387117,-0.0225203,-0.206441,True
4.398006,-0.02656269,-0.1947953,True
4.408993,-0.01801419,-0.1897201,True
4.42005,-0.01520491,-0.194023,True
4.431129,-0.0117662,-0.1914892,True
4.44223,-0.007304192,-0.218389,True
4.453575,0.004683256,-0.1825396,True
4.464487,0.009570837,-0.1736296,True
4.475609,0.04300284,-0.2152235,True
4.486738,0.02144027,-0.1790141,True
4.497889,0.02707958,-0.1910108,True
4.509027,0.01602626,-0.1783703,True
4.519993,0.01488018,-0.1760594,True
4.531116,0.01238108,-0.1737423,True
4.542454,0.01332188,-0.1808848,True
4.55328,-0.01062346,-0.1965443,True
4.564896,0.0235846,-0.2165361,True
4.575592,0.01740122,-0.2707629,True
4.586721,-0.00125742,-0.2727293,True
4.597994,0.003460646,-0.2767133,True
4.608866,-0.004299164,-0.2778954,True
4.620029,-0.05066967,-0.27391,True
4.631069,-0.05923104,-0.2825066,True
4.642225,-0.06350756,-0.2781772,True
4.653265,-0.0642519,-0.2793761,True
4.664507,-0.06040025,-0.284038,True
4.676071,-0.05333114,-0.2961074,True
4.6866,-0.04363561,-0.2941987,True
4.698048,-0.009661674,-0.2894366,True
4.708769,-0.005149603,-0.2961749,True
4.719992,-0.002102137,-0.2965943,True
4.731071,0.0005259514,-0.2993173,True
4.742128,0.002635717,-0.3193803,True
4.753202,-0.004215717,-0.3176296,True
4.764427,-0.008963108,-0.3215022,True
4.775515,-0.008539438,-0.3199596,True
4.786581,-0.008222103,-0.3196298,True
4.797798,-0.01296377,-0.3174584,True
4.808764,-0.007384062,-0.3253393,True
4.819818,-0.01751423,-0.3255064,True
4.830984,-0.04079533,-0.3149821,True
4.842113,-0.04973054,-0.3096566,True
4.853409,-0.05793667,-0.3212376,True
4.864668,-0.04495287,-0.3224768,True
4.875315,-0.03567648,-0.3260533,True
4.886705,-0.02805448,-0.2909507,True
4.897667,-0.02716923,-0.3087637,True
4.908745,-0.04933047,-0.2960874,True
4.919973,-0.02947235,-0.3048314,True
4.930969,-0.02713752,-0.2997872,True
4.942215,-0.02992201,-0.3122847,True
4.953209,-0.01945066,-0.297125,True
4.964542,-0.03058314,-0.2925968,True
4.975403,-0.04513764,-0.2993417,True
4.986446,-0.03715682,-0.3037801,True
4.997747,-0.02041578,-0.3043464,True
5.008856,-0.01906967,-0.3137586,True
5.019815,-0.0407567,-0.3484964,True
5.030874,-0.04635429,-0.359275,True
5.042053,-0.05063081,-0.3624849,True
5.053196,-0.03806567,-0.3174921,True
5.064188,-0.01055312,-0.3278882,True
5.076176,0.03079104,-0.3458919,True
5.086821,0.1195786,-0.3991299,True
5.097778,0.1229787,-0.529007,False
5.108599,0.1083336,-0.3762874,True
5.119831,0.05970931,-0.3321509,True
5.130783,0.04617715,-0.333064,True
5.141909,0.06234908,-0.3448723,True
5.153009,-0.004354239,-0.3716647,True
5.16465,0.03128386,-0.378386,True
5.175249,-0.005376101,-0.3199423,True
5.186312,0.01776457,-0.4563351,True
5.197592,0.03038764,-0.4226438,True
5.208622,0.03876543,-0.3822209,True
5.219751,0.0002114773,-0.3580013,True
5.230833,-0.02199364,-0.3420779,True
5.241911,-0.07037425,-0.3177923,True
5.253181,-0.05848837,-0.3244287,True
5.264132,-0.05717492,-0.3329034,True
5.27527,-0.05147243,-0.3343067,True
5.286314,-0.06249881,-0.3498867,True
5.297606,-0.001893759,-0.3069797,True
5.308525,-0.01856732,-0.3237556,True
5.31986,-0.02307272,-0.3488313,True
5.330673,-0.02287006,-0.3518339,True
5.341785,-0.04900837,-0.3293258,True
5.353256,-0.06179976,-0.301842,True
5.364151,-0.0703001,-0.3093416,True
5.375063,-0.06845403,-0.303412,True
5.386347,-0.06298637,-0.3186284,True
5.397549,-0.06344509,-0.3363701,True
5.408485,-0.06561542,-0.3426777,True
5.419577,-0.0714395,-0.3421659,True
5.430746,-0.0707109,-0.3438173,True
5.44178,-0.04993939,-0.3429107,True
5.452881,-0.05393171,-0.3523062,True
5.46402,-0.05484724,-0.3480341,True
5.475391,-0.05364656,-0.3273735,True
5.486252,-0.05698872,-0.3069618,True
5.49749,-0.0728786,-0.3028889,True
5.50848,-0.07626057,-0.292525,True
5.519669,-0.07971668,-0.2801132,True
5.530659,-0.07686472,-0.2788991,True
5.541683,-0.07043743,-0.3012329,True
5.552855,-0.0482645,-0.3287727,True
5.563997,-0.0415616,-0.340319,True
5.574978,-0.04442549,-0.3415485,True
5.586266,-0.0397048,-0.3500435,True
5.597439,-0.02381968,-0.3755871,True
5.608648,0.005340815,-0.4016786,True
5.619488,0.02737236,-0.3369226,True
5.630796,-0.02416396,-0.5085636,False
5.641672,-0.03451109,-0.7599339,False
5.708372,-0.05634093,-0.4962694,False
5.719578,-0.2599807,-0.2715653,True
5.730673,-0.23827,-0.176785,True
5.741634,-0.2000349,-0.2419608,True
5.752874,-0.1832011,-0.2062709,True
5.763985,-0.1905351,-0.2051188,True
5.774969,-0.2635179,-0.1681336,True
5.786367,-0.156646,-0.1644796,True
5.797329,-0.2340987,-0.1512046,True
5.808308,-0.1531413,-0.1463608,True
5.819374,-0.1355009,-0.1909757,True
5.830523,-0.1629453,-0.149167,True
5.841633,-0.1075501,-0.2132184,True
5.85264,-0.1081498,-0.1647246,True
5.863941,-0.06925273,-0.1453696,True
5.87528,-0.05124378,-0.1436517,True
5.886105,-0.08062315,-0.09359348,True
5.89716,-0.1073239,-0.1085722,True
5.908197,-0.1063378,-0.09938043,True
5.919369,-0.181149,-0.1107538,True
5.93049,-0.2016358,0.02646756,True
5.941738,-0.1729052,-0.09103629,True
5.953112,-0.1743457,0.05495781,True
5.963839,-0.1626594,-0.03660864,True
5.974957,-0.112844,0.02032834,True
5.985992,-0.1316159,-0.01183313,True
5.997164,-0.1115732,-0.0100584,True
6.008169,-0.1135786,0.02240485,True
6.019304,-0.1049032,-0.009951174,True
6.030577,-0.07864594,-0.01937705,True
6.041452,-0.1593297,-0.07982114,True
6.052835,-0.1502848,0.03471285,True
6.063793,-0.1450911,0.007062137,True
6.074949,-0.1717613,0.03027391,True
6.085886,-0.1707258,0.03589261,True
6.097277,-0.1677063,0.004990757,True
6.108141,-0.1359963,0.007474422,True
6.11924,-0.1321495,-0.01660931,True
6.13035,-0.1238496,-0.0407989,True
6.141481,-0.1245885,-0.04464513,True
6.152597,-0.09014535,-0.1121632,True
6.163792,-0.08818102,-0.1151877,True
6.174963,-0.0951705,-0.03296846,True
6.185867,-0.06121969,-0.01874965,True
6.197123,-0.08041477,-0.02352428,True
6.208065,-0.08588529,-0.1128863,True
6.219246,-0.078089,-0.06626767,True
6.230347,-0.05120921,-0.06800351,True
6.241478,-0.03242874,-0.05522281,True
6.252844,0.02067018,-0.1387712,True
6.263592,-0.01864719,-0.1976284,True
6.274767,-0.1264644,-0.3746972,True
6.285753,-0.1740396,-0.8781449,False
6.297049,-0.1480975,-0.8469845,False
6.307974,-0.1331198,-0.9054096,False
6.319117,-0.05298376,-0.9428352,False
6.330236,-0.02623463,-0.9934555,False
6.341413,-0.01670527,-0.9935689,False
6.352615,-0.02893019,-1.002372,False
6.36355,-0.05358768,-0.9893613,False
6.374903,-0.03275418,-1.021685,False
6.385881,0.003590822,-1.032436,False
6.396984,0.01907349,-1.028431,False
6.408239,0.02935863,-1.159283,False
6.419069,-0.003141403,-1.031747,False
6.430229,0.07018924,-0.994639,False
6.4415,0.04943347,-0.9828484,False
6.452509,0.09061623,-0.9370794,False
6.463617,0.1532512,-0.9366485,False
6.4748,0.09972835,-0.9586181,False
6.485989,0.05203295,-0.7400821,False
6.497066,0.007898808,-0.3122757,True
6.507994,0.04617929,0.006523013,True
6.519146,0.05822301,0.03066492,True
6.530123,-0.01512241,0.06235582,True
6.541512,0.02164412,0.04422033,True
6.552465,0.009320498,-0.04380196,True
6.563776,0.002172232,-0.002379715,True
6.57477,-0.0299139,0.002897978,True
6.585703,0.02972507,-0.03738904,True
6.596952,0.02899671,-0.0324145,True
6.607985,0.02744913,-0.04505777,True
6.619148,0.01449227,-0.02287769,True
6.630247,0.02858543,-0.03873545,True
6.641211,0.008278131,-0.001759827,True
6.652512,0.03097701,-0.05273336,True
6.663492,0.05971575,-0.06458712,True
6.674507,0.06398821,-0.08037454,True
6.68565,0.07070184,-0.1121276,True
6.697092,0.07566547,-0.1050397,True
6.707809,0.08648944,-0.1079815,True
6.719105,0.1037958,-0.1126282,True
6.730083,0.1095049,-0.1054522,True
6.741171,0.1240852,-0.09550586,True
6.752279,0.147831,-0.09040481,True
6.763733,0.1214509,0.04691947,True
6.774527,0.1087317,0.05291283,True
6.785679,0.1071484,0.04263133,True
6.796722,0.1433511,0.0251385,True
6.807882,0.1620407,0.002598464,True
6.819012,0.1888793,-0.0287385,True
6.830078,0.1635635,0.02464348,True
6.841089,0.2180672,-0.0443649,True
6.852407,0.1779978,0.04788238,True
6.86367,0.1390705,-0.0246149,True
6.874544,0.09063458,-0.2517874,True
6.885689,0.1502035,-0.4737678,False
6.897142,0.196094,-0.7219484,False
6.90781,0.1715505,-0.6905552,False
6.963669,-0.1938241,-0.5070639,False
6.974602,-0.167788,-0.4623291,True
6.985472,-0.1394684,-0.3694279,True
6.996601,-0.1221983,-0.3298528,True
7.007835,-0.06015968,-0.4211184,True
7.01895,-0.1611471,-0.37341,True
7.030172,-0.1442347,-0.4220112,True
7.041042,-0.1619935,-0.5353355,False
7.052155,-0.1793172,-0.4973051,False
7.063696,-0.1567302,-0.4068517,True
7.074432,-0.1427474,-0.4090816,True
7.085457,-0.1821339,-0.3318396,True
7.096727,-0.2302403,-0.3015993,True
7.107641,-0.1621528,-0.2377691,True
7.119013,-0.1747091,-0.1704223,True
7.129936,-0.1782105,-0.2058861,True
7.140982,-0.1586313,-0.2197573,True
7.152117,-0.06084538,-0.117849,True
7.163261,-0.04524732,0.009214904,True
7.174454,-0.08787489,-0.01492201,True
7.185719,0.01873302,-0.006209686,True
7.196604,0.1028097,0.002383426,True
7.207821,0.09398484,0.1365046,True
7.218714,0.2071555,0.3714834,True
7.229916,0.28374,0.3859726,True
7.240929,0.2934167,0.3325748,True
7.25209,0.2758074,0.5517236,False
7.263123,0.3819919,0.465922,False
7.274321,0.3393788,0.5861561,False
7.285503,0.2526639,0.491065,False
7.296513,0.4062004,0.5921643,False
7.307562,0.3378582,0.536113,False
7.318714,0.2434454,0.1494894,True
7.32979,0.04715681,0.06632869,True
7.341143,-0.1330447,-0.08232194,True
7.35206,-0.1011524,-0.1474606,True
7.3633,-0.07659602,-0.1319909,True
7.374201,-0.09333181,-0.1724961,True
7.385456,-0.06385708,-0.117228,True
7.396513,-0.1725128,-0.1727228,True
7.407879,-0.2184494,-0.1886223,True
7.41861,-0.2478573,-0.1283356,True
7.429886,-0.2181399,-0.1095929,True
7.440933,-0.2524273,-0.1808474,True
7.4519,-0.2857955,-0.1835905,True
7.463068,-0.2758737,-0.1434125,True
7.474569,-0.2851176,-0.1869071,True
7.485538,-0.3896587,-0.2528222,True
7.496567,-0.348583,-0.2331034,True
7.507639,-0.4662395,-0.199101,False
7.518591,-0.4046354,-0.2279606,True
7.535484,-0.5347922,-0.08788735,False
7.540859,-0.5226357,-0.08589065,True
7.551992,-0.62675,-0.1572464,False
7.56325,-0.5155349,-0.230973,False
7.574091,-0.3502848,-0.1108174,True
7.585323,-0.1744719,-0.0564222,True
7.596365,-0.2108579,-0.1355143,True
7.607517,-0.30406,-0.09464341,True
7.61874,-0.2858498,-0.05967018,True
7.629658,-0.3208566,-0.07124317,True
7.640766,-0.3394301,-0.1456668,True
7.652189,-0.3176785,-0.1639259,True
7.663094,-0.3131206,-0.1047261,True
7.674072,-0.3418446,-0.1668808,True
7.685232,-0.3737631,-0.1826507,True
7.696323,-0.3719375,-0.2712789,True
7.707495,-0.4569211,-0.2378723,False
7.71862,-0.3969405,-0.2362974,True
7.729528,-0.3860071,-0.264259,True
7.740763,-0.2121274,-0.2692305,True
7.751909,0.08862114,-0.3239587,True
7.762911,0.1595514,-0.3126443,True
7.774069,0.1336,-0.4274986,True
7.785223,0.1047468,-0.4370386,True
7.796404,0.07447577,-0.4317661,True
7.807486,0.07742476,-0.4127544,True
7.818529,0.214062,-0.5844355,False
7.829565,0.2413511,-0.6062784,False
7.840672,0.2261519,-0.5996152,False
7.851814,0.141243,-0.521641,False
7.862848,0.07729149,-0.461571,True
7.874023,0.05517173,-0.411375,True
7.885105,0.100126,-0.5163345,False
7.896311,0.06024837,-0.5137249,False
7.907326,0.06972575,-0.5299617,False
7.918388,0.06539237,-0.5456404,False
7.92956,0.03252518,-0.4718313,True
7.940712,0.02928555,-0.501518,False
7.952154,0.02519619,-0.6184114,False
7.963348,0.01950693,-0.6046049,False
7.97397,0.0197556,-0.7119958,False
8.129576,0.1697729,-0.2593434,True
8.140581,0.1375443,-0.2036493,True
8.152067,0.1055313,-0.1048047,True
8.162727,0.1116164,-0.07922113,True
8.173889,0.09247553,-0.09631509,True
8.185036,0.2394788,-0.1836323,True
8.196043,0.2850991,-0.139441,True
8.20718,0.258636,-0.2478292,True
8.218287,0.1953489,-0.2654259,True
8.229399,0.2259844,-0.2286212,True
8.240435,0.1990998,-0.1878822,True
8.251751,0.08155119,-0.2122849,True
8.262737,0.06397307,-0.1541592,True
8.273962,0.04770476,-0.1862352,True
8.285233,0.04855442,-0.1053055,True
8.296066,0.01789892,-0.1769063,True
8.307182,-0.002290606,-0.1924107,True
8.318302,0.007291555,-0.1976982,True
8.329506,0.02337003,-0.3421974,True
8.340561,-0.001156211,-0.2965901,True
8.351614,0.01309407,-0.26356,True
8.362761,-0.005677223,-0.2987986,True
8.373814,0.02791834,-0.341783,True
8.38516,0.07161438,-0.3263862,True
8.396036,0.1101158,-0.3339468,True
8.407076,0.1591387,-0.3240026,True
8.418171,0.1623093,-0.3168849,True
8.429537,0.1100185,-0.2738371,True
8.440325,0.08593035,-0.3001244,True
8.451611,0.2107955,-0.2874199,True
8.462664,0.214534,-0.2898281,True
8.4737,0.1674577,-0.312672,True
8.484852,0.1693343,-0.4124287,True
8.496113,0.2501093,-0.4445411,False
8.507023,0.1513302,-0.4834996,False
8.518126,0.1658745,-0.3239008,True
8.529253,0.1794434,-0.4149152,True
8.541637,0.09717977,-0.5788428,False
8.551668,0.06436336,-0.6624866,False
8.562634,0.09666932,-0.7136343,False
8.573736,0.1279509,-0.7860304,False
8.585238,0.2698164,-0.8468288,False
8.595924,0.2403183,-0.8081799,False
8.607044,0.1964703,-0.6497707,False
8.618238,0.1297475,-0.2959938,True
8.629219,0.1721345,-0.3652115,True
8.640297,0.137943,-0.4090956,True
8.651649,0.1304179,-0.3917882,True
8.662561,0.2003024,-0.4503549,True
8.673605,0.2118195,-0.4198261,True
8.685068,0.2735527,-0.4567767,False
8.696074,0.2906424,-0.3953857,True
8.706966,0.3073664,-0.665869,False
8.718168,0.2981695,-0.7444186,False
8.729221,0.359592,-0.7085696,False
8.740913,0.2811806,-0.6604793,False
8.751328,0.4320027,-0.7995244,False
8.762951,0.3496318,-0.7565109,False
8.773533,0.1166778,-0.6545579,False
8.784657,-0.02948356,-0.336156,True
8.795847,0.04763901,-0.3729291,True
8.806866,0.01770365,-0.315292,True
8.818382,0.02215409,-0.447289,True
8.829134,0.02260494,-0.3334731,True
8.840206,0.02696061,-0.277997,True
8.851347,0.03126252,-0.1984131,True
8.862411,0.05385935,-0.1881425,True
8.873503,0.0755055,-0.231746,True
8.884773,0.07986462,-0.3157651,True
8.896179,0.06978548,-0.2740004,True
8.906918,0.1071749,-0.2064118,True
8.918114,0.1247497,-0.3846182,True
8.929054,0.1268775,-0.4067388,True
8.940123,0.1887705,-0.3864642,True
8.951551,0.1035597,-0.313107,True
8.962723,0.1211667,-0.2483139,True
8.973843,0.08281577,-0.3151224,True
8.984756,0.05159545,-0.1586351,True
8.995682,0.08145666,-0.150429,True
9.006903,0.08766067,-0.07614565,True
9.017941,0.1782038,-0.1718247,True
9.029053,-0.05005431,-0.2029275,True
9.04007,-0.2358907,-0.07531762,True
9.051775,-0.6486642,-0.3398502,False
9.062263,-0.6933448,-0.2426133,False
9.073503,-0.6833339,-0.3369782,False
9.08456,-0.7102141,-0.1939371,False
9.095722,-0.7880609,-0.3256931,False
9.106853,-0.7134758,-0.3207636,False
9.118015,-0.674978,-0.3596616,False
9.128983,-0.6201582,-0.1083777,False
9.140097,-0.6402087,-0.36309,False
9.151304,-0.7107507,-0.4104879,False
9.162493,-0.6718471,-0.3104112,False
9.173494,-0.7135453,-0.4976256,False
9.184546,-0.6520134,-0.5760521,False
9.195663,-0.6159405,-0.5923421,False
9.206964,-0.545885,-0.4528039,False
9.217884,-0.4810209,-0.4383066,False
9.228945,-0.5304829,-0.4692106,False
9.240013,-0.4881978,-0.5165486,False
9.251261,-0.551713,-2.44523,False
9.26227,-0.504719,-2.305916,False
9.273369,-0.5226917,-2.033772,False
9.284542,-0.6177731,-1.225485,False
9.295568,-0.5709262,-2.377917,False
9.306686,-0.5439875,-2.374153,False
9.317902,-0.4735119,-2.286018,False
9.329086,-0.5925019,-2.242923,False
9.339943,-0.5708079,-0.2803297,False
9.351282,-0.5958511,-0.2007005,False
9.362797,-0.6400188,-0.3454064,False
9.373182,-0.5789174,-0.2081337,False
9.384619,-0.6254506,-0.2992779,False
9.39554,-0.6897703,-0.3142838,False
9.406734,-0.6150908,-0.2949929,False
9.417822,-0.6590054,-0.3644032,False
9.428831,-0.7595826,-0.4694939,False
9.439999,-0.6453152,-0.5003352,False
9.451319,-0.6457028,-0.4905638,False
9.462147,-0.5582373,-0.6133549,False
9.473278,-0.6538543,-0.5813522,False
9.484816,-0.673129,-0.563031,False
9.495472,-0.6389362,-0.5431056,False
9.506678,-0.7301487,-0.5302355,False
9.518007,-0.7584734,-0.5791059,False
9.52873,-0.6686418,-0.5349786,False
9.539829,-0.4375067,-0.4163294,False
9.551018,-0.2537285,-0.3377329,True
9.562098,-0.3135874,-0.4037881,False
9.573568,-0.285602,-0.4086372,False
9.584436,-0.2754401,-0.3065912,True
9.595533,-0.3465846,-0.2529018,True
9.606808,-0.4183621,-0.2081475,True
9.617678,-0.4961865,-0.2842493,False
9.62883,-0.5337782,-0.2262174,False
9.639832,-0.4833655,-0.2080482,False
9.650927,-0.5182023,-0.06247854,False
9.66218,-0.5066612,-0.0112462,False
9.673321,-0.4487008,0.02409875,True
9.68432,-0.5642257,-0.008468032,False
9.695356,-0.6632482,-0.02308857,False
9.706539,-0.6101036,-0.02954316,False
9.717693,-0.6517092,0.08231568,False
9.728624,-0.7065002,0.1477947,False
9.739916,-0.715221,0.2798102,False
9.750906,-0.6909781,0.2452874,False
9.762005,-0.6791453,0.1543282,False
9.77309,-0.6443477,0.1323944,False
9.784309,-0.6061927,0.2061913,False
9.795357,-0.6262857,0.2815084,False
9.806458,-0.6118551,0.3011315,False
9.817518,-0.522442,-0.01581645,False
9.828907,-0.3798457,-0.1702133,True
9.839758,-0.2207785,-0.2853588,True
9.850943,-0.1679642,-0.7809248,False
9.861963,-0.1734184,-0.7713323,False
9.873047,-0.1508619,-0.7309701,False
9.884211,-0.06346583,-0.7867275,False
9.895353,-0.1201386,-0.7273075,False
9.906479,-0.1468506,-0.7360427,False
9.917732,-0.01901805,-0.8686931,False
9.928614,-0.04101288,-0.7983598,False
9.939707,-0.0829246,-0.884639,False
9.951162,-0.08402812,-0.8725029,False
9.961937,-0.07583237,-0.8505976,False
9.973114,-0.2768385,-0.8885264,False
9.984444,-0.47335,-0.9579297,False
9.995291,-0.4273652,-0.8783783,False
10.00659,-0.4766561,-0.9217815,False
10.01767,-0.322933,-0.6430743,False
10.0286,-0.07726747,-0.3203642,True
10.03962,0.05301458,-0.2112237,True
10.05081,0.06530261,-0.1793482,True
10.06185,0.04909694,-0.1584207,True
10.07299,0.1331737,-0.09138227,True
10.08406,0.1483973,-0.03034472,True
10.09528,0.1063997,-0.02893376,True
10.10641,-0.008496165,-0.07532442,True
10.1174,0.04120994,-0.01190752,True
10.1285,-0.008077025,-0.0467025,True
10.13974,0.02972603,-0.0396691,True
10.1508,0.0555194,0.02206236,True
10.16186,0.05637312,0.04974079,True
10.17295,0.07795686,0.05121112,True
10.18423,0.0632934,0.1064567,True
10.19507,0.106121,0.1017594,True
10.20646,0.1018491,0.1238814,True
10.21971,0.1738374,0.1085957,True
10.22875,0.1341299,0.1651062,True
10.23989,0.07959539,0.1578379,True
10.25108,0.03797495,0.1706275,True
10.26326,0.1377336,0.1850374,True
10.27399,0.1819795,0.1847003,True
10.28418,0.17899,0.1693708,True
10.29583,0.1541606,0.2115522,True
10.30668,0.1892144,0.21809,True
10.31778,0.1814551,0.2058797,True
10.32865,0.1728133,0.193433,True
10.33972,0.2216483,0.219015,True
10.35106,0.2688119,0.2840472,True
10.36198,0.2972982,0.275292,True
10.373,0.3549871,0.2471904,True
10.38426,-0.1631337,0.01954656,True
10.39518,-0.1690764,-0.0760012,True
10.40643,-0.1959406,-0.1538864,True
10.41757,-0.1843948,-0.0968362,True
10.42859,-0.187664,-0.07262787,True
10.43972,-0.1430647,-0.03335027,True
10.45103,-0.1468834,0.01246546,True
10.46172,-0.07226837,-0.06107065,True
10.47282,-0.03512836,-0.06134546,True
10.48405,-0.1292282,-0.06191337,True
10.4951,-0.1388255,-0.01131791,True
10.50616,-0.0993278,0.03784421,True
10.5173,-0.09327555,0.01751488,True
10.52849,-0.04608321,0.01770827,True
10.5394,-0.01531553,-0.002483904,True
10.55047,0.01551485,0.1943031,True
10.56173,0.01343203,0.193667,True
10.57273,0.01452684,0.1232685,True
10.58419,0.09545565,0.1167484,True
10.59507,0.0961473,0.1315915,True
10.60628,0.1541314,0.1562175,True
10.61717,0.231791,-0.01901156,True
10.62829,0.2770319,-0.1542694,True
10.63959,0.3023787,-0.2103274,True
10.65052,0.3274298,-0.2771392,True
10.6615,0.3259223,-0.261295,True
10.67274,0.3714607,-0.6589359,False
10.68386,0.4304221,-1.287991,False
10.73932,0.6461458,-0.6937562,False
10.75045,0.4220726,-0.1984245,True
10.7618,0.5187426,-0.3364644,False
10.77257,0.4907854,-0.2262348,False
10.78374,0.5216002,-0.1848231,False
10.79486,0.5665329,-0.1122151,False
10.80609,0.5900235,-0.04480369,False
10.81709,0.5830781,-0.06619878,False
10.82819,0.5791855,-0.09840739,False
10.83929,0.6555705,-0.1770584,False
10.85041,0.7473421,-0.09101641,False
10.86151,0.743783,-0.1770385,False
10.87269,0.7997,-0.1221635,False
10.88378,0.74348,-0.1394943,False
10.89477,0.6975815,-0.1872064,False
10.90595,0.7450688,-0.1935854,False
10.91718,0.7700586,-0.2972704,False
10.92817,0.8384643,-0.2495041,False
10.93918,0.7954812,-0.4379291,False
10.95077,0.6983981,-0.4781983,False
10.96189,0.6468763,-0.3691666,False
10.97258,0.6848252,-0.317397,False
10.98367,0.3051174,-0.1783472,True
10.99478,-0.02142692,0.01490538,True
11.00598,0.03075647,-0.02899594,True
11.01697,-0.005089045,-0.1413528,True
11.02811,-0.1130173,-0.09878625,True
11.03921,-0.07753181,-0.159331,True
11.05027,-0.1889832,-0.08870651,True
11.06135,-0.1716659,-0.228888,True
11.07282,-0.218744,-0.243964,True
11.08379,-0.2272308,-0.2379974,True
11.09471,-0.2844841,-0.260316,True
11.10593,-0.2445099,-0.2496949,True
11.11696,-0.343642,-0.2294878,True
11.12801,-0.04982948,-0.2242869,True
11.13921,0.2795106,-0.1452867,True
11.15021,0.6790521,-0.09093612,False
11.16141,0.5998948,-0.1445958,False
11.17242,0.7134904,-0.06764472,False
11.18379,0.765563,-0.1716149,False
11.19478,0.7051935,-0.1684561,False
11.20588,0.7386184,-0.05582902,False
11.21698,0.7015386,-0.06026545,False
11.22816,0.681681,-0.122746,False
11.23917,0.6406081,-0.110746,False
11.25025,0.5434186,-0.08867718,False
11.26143,0.3772672,-0.09279925,True
11.2724,0.2622836,-0.04925062,True
11.28361,0.2526468,0.08191136,True
11.29459,0.2311918,0.00250642,True
11.30606,0.3160623,0.01696148,True
11.31701,0.3160665,0.03688654,True
11.32798,0.3121865,0.009686559,True
11.33908,0.2382859,0.0195439,True
11.35023,0.2782863,-0.051208,True
11.36151,0.1747434,-0.09951124,True
11.37235,0.2103527,-0.05415338,True
11.38362,0.1774355,-0.106649,True
11.40054,0.1459333,-0.04822859,True
11.40576,0.1459332,-0.04822868,True
11.41693,0.113683,-0.06976742,True
11.42802,0.09869063,-0.1144817,True
11.43906,0.1552371,-0.07824272,True
11.45022,0.1220849,-0.1465649,True
11.46128,0.1255505,-0.1475348,True
11.47233,0.1099086,-0.1030526,True
11.48384,0.1339339,-0.2475049,True
11.49459,0.1483189,-0.1323717,True
11.50578,0.1450278,-0.1715484,True
11.51677,0.3010763,-0.1256858,True
11.52777,0.3546347,-0.1647933,True
11.53916,0.5034864,0.1258431,False
11.55019,0.5163554,0.1967377,False
11.56124,0.4182184,0.09799995,True
11.57255,0.4453904,0.1823144,True
11.5834,0.4449345,0.2775421,False
11.59453,0.4229866,0.3492383,False
11.60602,0.375498,0.3450977,False
11.61679,0.3470947,0.2703696,True
11.62787,0.2746859,0.2505831,True
11.63905,0.366667,0.3399429,False
11.65016,0.2603014,0.2829692,True
11.66148,0.2030102,0.2893186,True
11.67223,0.198754,0.2508133,True
11.68329,0.1962531,0.3119456,True
11.69521,0.2524899,0.4638821,False
11.70557,0.2047943,0.2915643,True
11.71691,0.09847942,0.2358897,True
11.72781,0.08440808,0.249035,True
11.73887,0.0105727,0.258246,True
11.74991,-0.0008414541,0.3042822,True
11.76113,-0.08009108,0.2619727,True
11.77224,-0.1647874,0.2887204,True
11.78375,-0.2644929,0.3054056,True
11.79436,-0.2950992,0.281739,True
11.80566,-0.3438569,0.3695771,False
11.81674,-0.4126375,0.4366005,False
11.82771,-0.4976601,0.4781305,False
11.83877,-0.5475105,0.5090948,False
11.85025,-0.4977068,0.5575585,False
11.86109,-0.550667,0.5522319,False
11.87212,-0.5040447,0.5671482,False
11.88335,-0.6419386,0.5707982,False
11.89442,-0.6886063,0.5650519,False
11.90548,-0.5280899,0.5506516,False
11.91654,-1.227509,-0.06038544,False
11.9277,-1.533528,-0.2306768,False
11.9389,-2.170611,-0.1199925,False
11.94988,-2.335088,-0.03289875,False
11.96148,-2.288028,-0.5081156,False
11.97209,-2.038003,-0.3955193,False
11.98334,-2.216139,-0.6400926,False
11.99487,-2.00236,-0.7032869,False
12.00572,-2.05021,-0.7981765,False
12.01671,-2.160172,-0.7311553,False
12.02764,-1.846873,-0.9188187,False
12.03872,-1.806237,-0.8416755,False
12.04985,-1.677916,-0.8565721,False
12.06091,-1.518133,-0.6292999,False
12.07203,-1.490652,-0.6575049,False
12.08317,-1.480267,-0.7461157,False
12.09431,-1.400441,-0.5083139,False
12.10538,-1.472796,-0.6669295,False
12.11671,-1.43373,-0.6294875,False
12.12759,-0.8572568,-0.6412323,False
12.13868,-0.5809497,-0.3558008,False
12.14981,-0.2496356,-0.2014582,True
12.16106,-0.3730925,-0.2836286,True
12.17206,-0.4086423,-0.1951226,True
12.18314,-0.3514316,-0.1543703,True
12.19423,-0.4509915,-0.2345162,False
12.20539,-0.3552566,-0.222719,True
12.21639,-0.4001459,-0.1646206,True
12.22755,-0.3836057,-0.1470633,True
12.23871,-0.3719001,-0.07595518,True
12.24981,-0.3718672,-0.1975713,True
12.26077,-0.4365075,-0.1593427,True
12.27196,-0.4942071,-0.200825,False
12.28304,-0.5044819,-0.2444432,False
12.29423,-0.4928285,-0.2848006,False
12.30526,-0.4684632,-0.2486006,False
12.31672,-0.5250291,-0.1610853,False
12.32747,-0.5341641,-0.1230997,False
12.33856,-0.5379186,-0.07652798,False
12.34972,-0.646499,-0.03680295,False
12.3608,-0.6081996,-0.03165931,False
12.37193,-0.6581362,-0.1692472,False
12.38305,-0.07050696,0.07009187,True
12.39432,0.0829677,0.07218173,True
12.40529,0.2517429,-0.01757824,True
12.41632,0.502499,0.1417728,False
12.42756,0.4330945,-0.01786169,True
12.43855,0.5909147,-0.0318768,False
12.52731,1.262037,-0.2000782,False
12.53854,1.210704,-0.2715751,False
12.54971,1.284228,0.01849729,False
12.56071,1.17166,0.119056,False
12.57185,1.162307,0.1567352,False
12.58302,1.166884,0.2296167,False
12.59409,1.189578,0.163585,False
12.6051,1.169996,0.227717,False
12.61621,1.182396,0.157817,False
12.62758,1.204738,0.08737904,False
12.63847,1.276758,0.0812059,False
12.64979,1.280506,0.09599203,False
12.66072,1.293435,0.13925,False
12.67183,1.294781,0.07706618,False
12.68281,1.220955,0.09146774,False
12.69404,0.9272051,0.1089693,False
12.70536,0.6326944,-0.05921251,False
12.7162,-0.2732824,-0.1951116,True
12.72729,-0.4531839,-0.2141217,False
12.7385,-0.3301269,-0.2060897,True
12.7496,-0.3464796,-0.1660544,True
12.76054,-0.3282916,-0.2329985,True
12.77171,-0.365673,-0.211271,True
12.78311,-0.2335048,-0.2288617,True
12.79398,-0.242393,-0.1632764,True
12.80507,-0.2591041,-0.2488247,True
12.81626,-0.2113229,-0.2795057,True
12.8273,-0.193427,-0.2498956,True
12.83838,-0.1541401,-0.1804748,True
12.84947,-0.1610368,-0.1473647,True
12.86058,-0.1262348,-0.1897174,True
12.87177,-0.139305,-0.1803452,True
12.88272,-0.1676082,-0.1887421,True
12.89396,-0.1504305,-0.2479163,True
12.90513,-0.1457565,-0.1947954,True
12.91615,-0.1305567,-0.2387775,True
12.92722,-0.1256721,-0.2359371,True
12.93863,-0.1946838,-0.248201,True
12.95002,-0.1096202,-0.221019,True
12.96052,-0.1285343,-0.2082276,True
12.97162,-0.1159736,-0.2676638,True
12.98271,-0.1755482,-0.2190942,True
12.99391,-0.2134757,-0.271235,True
13.00509,-0.2073386,-0.2634246,True
13.01608,-0.2657319,-0.2501377,True
13.02732,-0.2727731,-0.2599104,True
13.03826,-0.282272,-0.2694856,True
13.0494,-0.2360886,-0.2791679,True
13.06046,-0.296845,-0.3011365,True
13.07157,-0.2930748,-0.2978969,True
13.08278,-0.3033863,-0.2939457,True
13.09401,-0.2850096,-0.2595643,True
13.10496,-0.1002074,-0.1257793,True
13.11605,0.03790131,-0.1267878,True
13.12713,0.03430545,-0.1510481,True
13.13827,0.03340831,-0.1746393,True
13.14932,0.03868604,-0.1571367,True
13.16052,0.0895063,-0.1324403,True
13.17175,0.06985614,-0.1692791,True
13.18273,0.09609658,-0.02726358,True
13.19373,0.1140135,-0.1086091,True
13.20495,0.1070416,-0.03661352,True
13.21597,0.1552846,-0.05855668,True
13.22705,0.1126351,-0.06768519,True
13.23816,0.1706484,-0.07465243,True
13.24946,0.1499172,-0.1211635,True
13.2604,0.1442559,-0.1218622,True
13.27147,0.1817369,-0.1176806,True
13.28256,0.246257,-0.07580358,True
13.29404,0.1926618,-0.05793422,True
13.30474,0.1837806,-0.1104562,True
13.31604,0.1256054,-0.2094815,True
13.43805,-0.003535271,-0.1661658,True
13.44928,0.09163147,-0.1656656,True
13.4602,0.0297097,-0.008798957,True
13.47178,0.0497511,-0.06115258,True
13.4826,0.06496125,0.02828407,True
13.49364,0.02432483,0.01014364,True
13.50467,0.03168541,-0.02278066,True
13.51582,-0.1182413,-0.09870875,True
13.52695,-0.0679689,-0.02559233,True
13.53809,-0.1453437,-0.09821367,True
13.54918,0.08412588,-0.2364742,True
13.56049,0.04058558,-0.2107533,True
13.57168,-0.04571897,-0.07702827,True
13.5825,-0.05174369,-0.08420062,True
13.59353,0.02744776,-0.1557461,True
13.6051,-0.003543437,-0.2048928,True
13.61576,-0.05184132,-0.1736374,True
13.62697,-0.0577479,-0.06967092,True
13.63798,-0.05191976,-0.1225309,True
13.64901,-0.04183531,-0.2692558,True
13.66014,-0.08968449,-0.324195,True
13.67158,-0.0748837,-0.302906,True
13.6824,-0.1657668,-0.3136334,True
13.69345,-0.1313383,-0.3216249,True
13.70487,-0.1635138,-0.2768458,True
13.71595,-0.1449442,-0.2407699,True
13.72692,-0.07040673,-0.1781,True
13.73794,0.04884189,-0.1388361,True
13.74915,0.2328487,-0.2440478,True
13.76014,0.1696579,-0.1584799,True
13.77128,0.1594603,-0.1739853,True
13.78242,0.1563618,-0.1680604,True
13.79371,0.1408043,-0.1944292,True
13.8045,0.1546076,-0.2024453,True
13.81575,0.1531498,-0.1958316,True
13.82681,0.1740308,-0.1946588,True
13.83788,0.1794722,-0.1911998,True
13.84899,0.1717486,-0.1816866,True
13.8601,0.1554025,-0.1384033,True
13.87136,0.1158356,-0.1893022,True
13.8823,0.1211858,-0.1539053,True
13.89346,0.1333018,-0.162195,True
13.90463,0.1928625,-0.2413947,True
13.91606,0.1845815,-0.1652355,True
13.92669,0.1691146,-0.1435392,True
13.93802,0.1330983,-0.2295159,True
13.94912,0.1288985,-0.1138146,True
13.96018,0.1286261,-0.1204057,True
13.97148,0.1301848,-0.1184267,True
13.98236,0.1342151,-0.1258866,True
13.9933,0.1489334,-0.1301741,True
14.00483,0.1702174,-0.1368226,True
14.01559,0.1835628,-0.1455351,True
14.02696,0.1911082,-0.1382372,True
14.03784,0.1917691,-0.1298318,True
14.04886,0.1933601,-0.1297434,True
14.05999,0.1899871,-0.1321242,True
14.07103,0.1891319,-0.1313784,True
14.08224,0.1148431,-0.1074637,True
14.09381,-0.02776951,-0.06382871,True
14.10445,-0.04828659,-0.04745704,True
14.11574,-0.03639305,-0.09093189,True
14.12664,-0.05477169,-0.100207,True
14.13774,-0.05807814,-0.08701378,True
14.14886,-0.0406453,-0.08896375,True
14.15995,-0.03930366,-0.0984149,True
14.1711,-0.03754279,-0.1010144,True
14.18237,-0.05155236,-0.1000967,True
14.19329,-0.05270171,-0.1028109,True
14.20443,-0.05840489,-0.09989899,True
14.21563,-0.03296915,-0.08937025,True
14.22699,0.001036376,-0.09846139,True
14.23769,-0.05416465,-0.01222146,True
14.24885,0.00993681,0.02287507,True
14.2599,-0.05805248,0.07090795,True
14.2715,-0.07552958,0.01636922,True
14.2821,-0.04070753,0.03677148,True
14.29346,-0.01376903,0.03229988,True
14.30435,-0.04342091,0.06331807,True
14.31583,-0.0351221,0.05615288,True
14.32655,0.01346636,0.06681162,True
14.33791,0.05001026,0.003208518,True
14.34875,0.1024026,-0.00912255,True
14.35998,0.09242648,0.003935993,True
14.37107,0.1104097,-0.0008313656,True
14.38209,0.1272094,-0.002906322,True
14.39322,0.1300434,-0.008615673,True
14.40438,0.1892929,-0.08672684,True
14.41547,0.2449979,-0.1479653,True
14.42651,0.290177,-0.169436,True
14.43762,0.2874753,-0.1581971,True
14.44876,0.2470061,-0.1629205,True
14.45979,0.219412,-0.1653996,True
14.47098,0.2112561,-0.1513465,True
14.48208,0.05395067,-0.1041675,True
14.49324,-0.2584879,-0.2793378,True
14.5043,-0.7090832,-0.3491772,False
14.51538,-1.050908,-0.4618647,False
14.52701,-0.8009059,-0.379135,False
14.53751,-0.76774,-0.4174383,False
14.54877,-0.8271122,-0.3851252,False
14.55984,-0.8658427,-0.4059188,False
14.57089,-0.7969773,-0.5047348,False
14.58197,-0.7723465,-0.6361116,False
14.59313,-0.8487602,-0.4325599,False
14.60418,-0.8893621,-0.5606247,False
14.61536,-0.8470087,-0.4891315,False
14.62648,-0.8689046,-0.4984258,False
14.63748,-0.8861353,-0.5045394,False
14.64872,-0.8839769,-0.4478773,False
14.65969,-0.9010832,-0.4672573,False
14.67089,-0.8889709,-0.4885671,False
14.68187,-0.6072247,-0.3245938,False
14.69309,-0.23645,-0.08045697,True
14.70419,0.05828559,-0.08608136,True
14.7153,-0.04957259,-0.09250909,True
14.72636,-0.0003120899,-0.1623873,True
14.73755,-0.0292803,-0.1281276,True
14.7486,-0.04187882,-0.07494807,True
14.75962,-0.03465939,-0.1141483,True
14.77083,-0.1011287,-0.05155,True
14.7819,-0.1134661,-0.1044252,True
14.7931,-0.1235689,-0.1154565,True
14.80468,-0.153959,-0.1841664,True
14.81523,-0.1474067,-0.1919422,True
14.82631,-0.1856014,-0.1495482,True
14.83742,-0.230252,-0.03228293,True
14.84852,-0.2392167,0.01013616,True
14.85966,-0.2495704,0.01024897,True
14.87105,-0.2573746,0.009628147,True
14.88183,-0.2436497,0.02540901,True
14.89304,-0.240557,0.02603066,True
14.90401,-0.2373596,0.02686012,True
14.91518,-0.2811699,-0.008076549,True
14.92626,-0.2974414,-0.01334943,True
14.93747,-0.2816401,-0.01321742,True
14.94877,-0.2827407,-0.01563285,True
14.96043,-0.2998368,-0.02913336,True
14.97067,-0.3057629,-0.03168267,True
14.98183,-0.3039112,-0.03314908,True
14.99299,-0.2963846,-0.03564306,True
15.00401,-0.3083166,-0.03696108,True
15.01509,-0.3058457,-0.04421976,True
15.02622,-0.3063171,-0.04864922,True
15.03722,-0.2967086,-0.05143318,True
15.04847,-0.3046224,-0.05675584,True
15.05953,-0.3281453,-0.05956766,True
15.0706,-0.3265076,-0.06188151,True
15.08177,-0.3422061,-0.0655008,True
15.09282,-0.3321136,-0.06002071,True
15.10385,-0.3249413,-0.05859205,True
15.11522,-0.3081697,-0.06268823,True
15.12612,-0.3071682,-0.06088746,True
15.13724,-0.3086612,-0.07081765,True
15.14829,-0.3084897,-0.07715023,True
15.15961,-0.3062114,-0.08071628,True
15.17065,-0.3076301,-0.07946417,True
15.1817,-0.3051124,-0.07996699,True
15.19285,-0.307646,-0.08189207,True
15.2039,-0.3088672,-0.08380648,True
15.21509,-0.3043771,-0.08449805,True
15.2261,-0.3064798,-0.08747607,True
15.23819,-0.3093201,-0.08602881,True
15.24819,-0.3111631,-0.08256343,True
15.25944,-0.3109787,-0.08773786,True
15.27076,-0.3121055,-0.07686782,True
15.28185,-0.07001436,-0.1850388,True
15.29288,0.1259009,-0.1198681,True
15.30395,0.3616104,-0.2295798,True
15.31511,1.219663,-0.2770511,False
15.32606,1.596921,-0.3177027,False
15.33712,1.878122,-0.4483304,False
15.34819,2.156387,-0.4569543,False
15.35942,2.102375,-0.3721813,False
15.37063,2.135302,-0.4555469,False
15.38151,2.068368,-0.4141627,False
15.39284,2.021542,-0.3760773,False
15.40415,2.178604,-0.5710495,False
15.41504,2.110057,-0.5741445,False
15.42632,2.086089,-0.5211202,False
15.43711,2.125822,-0.5302695,False
15.44833,2.109088,-0.5535985,False
15.4593,2.108577,-0.5580232,False
15.47045,2.115014,-0.565152,False
15.48162,2.051671,-0.5897009,False
15.49264,2.059867,-0.5881236,False
15.50381,2.061074,-0.5918761,False
15.51506,2.052885,-0.4923764,False
15.52602,1.556149,-0.5782328,False
15.53702,1.154159,-0.4801518,False
15.5482,0.8463539,-0.6327491,False
15.55935,0.6376865,-0.7466438,False
15.57041,0.7343675,-0.8052476,False
15.58173,0.6550821,-0.828398,False
15.59288,0.6598885,-0.8229847,False
15.60369,0.7519056,-0.8003292,False
15.61505,0.6904453,-0.811362,False
15.62594,0.6836078,-0.8181107,False
15.63693,0.6778923,-0.8239609,False
15.64814,0.6673079,-0.8291998,False
15.65924,0.6517162,-0.8201777,False
15.67038,0.5625684,-0.8033375,False
15.68136,0.5726058,-0.8031997,False
15.6928,0.5449581,-0.8668008,False
15.70382,0.5695348,-0.9123613,False
15.71493,0.522899,-0.8718398,False
15.72581,0.5566036,-0.929812,False
15.73715,0.4871416,-0.8807621,False
15.74808,0.4819771,-0.8538891,False
15.75925,0.5482798,-0.7200001,False
15.77024,0.8140826,-0.5715767,False
15.78163,1.595357,-0.3842101,False
15.79253,2.080346,-0.1545007,False
15.80372,2.04717,-0.1592799,False
15.815,2.06357,-0.04422614,False
15.82587,2.207484,-0.1083172,False
15.837,2.328918,-0.1126817,False
15.84797,2.322666,-0.1809034,False
15.85911,2.093804,-0.04415885,False
15.87029,1.711866,-0.09426975,False
15.88129,1.824293,-0.08028626,False
15.89263,1.687604,-0.0624944,False
15.90394,1.54756,-0.1750598,False
15.91467,1.384737,-0.2674909,False
15.92587,1.28944,-0.2736507,False
15.93699,1.147417,-0.2972404,False
15.94813,1.059924,-0.2157394,False
15.95934,0.8855344,-0.2443117,False
15.9703,1.465159,-0.2303654,False
15.98143,2.076534,-0.04124236,False
15.99278,2.502628,0.03605926,False
16.00354,2.774171,0.1520692,False
16.01481,3.11482,0.03515768,False
16.02569,2.857842,-0.05370656,False
16.03692,2.830508,-0.1509226,False
16.04851,2.678465,-0.1879053,False
16.05931,2.39731,-0.3943047,False
16.07043,2.248917,-0.373543,False
16.08164,2.101384,-0.3893454,False
16.09239,2.198415,-0.4656119,False
16.10358,1.797369,-0.5453975,False
16.11457,1.834973,-0.6328919,False
16.12569,1.478994,-0.5012572,False
16.13701,1.271177,-0.6748848,False
16.14816,1.338351,-0.7438728,False
16.1591,1.163815,-0.9129649,False
16.17011,1.172774,-0.8959912,False
16.1812,1.023504,-0.8820536,False
16.19229,0.8811295,-0.8601779,False
16.20363,0.7954333,-0.8743281,False
16.21453,0.8484905,-0.9415187,False
16.22597,0.7992736,-1.010688,False
16.23677,0.7603984,-1.161523,False
16.24815,0.785879,-1.174014,False
16.259,0.7093197,-1.29453,False
16.27015,0.7096776,-1.38165,False
16.28136,0.2295275,-2.007078,False
16.29228,-0.02979612,-2.653446,False
16.30347,-0.1456819,-2.832081,False
16.31482,-0.01084781,-2.833021,False
16.32574,0.01073861,-2.857109,False
16.33672,0.07481813,-2.922703,False
16.34849,-0.01981664,-2.990833,False
16.35949,-0.03001571,-2.984252,False
16.3701,-0.001196623,-2.900475,False
16.38153,0.1318097,-2.903029,False
16.39226,0.18064,-2.987522,False
16.40355,0.3034024,-2.903695,False
16.41451,0.2855647,-3.01071,False
16.42559,0.2507322,-3.212395,False
16.43688,0.3340974,-2.949431,False
16.44781,0.4035277,-3.007268,False
16.45899,0.4301009,-3.117198,False
16.47022,0.4785035,-3.125344,False
16.48126,0.4731028,-3.123185,False
16.4923,0.624284,-3.058928,False
16.50332,0.6173217,-3.11375,False
16.51459,0.560745,-3.107529,False
16.52582,0.4883542,-3.140435,False
16.53663,0.2000318,-2.657058,False
16.54773,-0.3666677,-1.714962,False
16.55886,-0.4115369,-1.361264,False
16.57003,-0.4384487,-1.159395,False
16.58101,-0.4232442,-1.394122,False
16.59216,-0.3132143,-1.257035,False
16.60376,-0.2490983,-1.323554,False
16.61515,-0.2116659,-1.133348,False
16.62562,-0.2196245,-1.125449,False
16.63663,-0.2075965,-1.128505,False
16.64782,-0.1706707,-1.155428,False
16.65883,-0.1735363,-1.139067,False
16.67016,-0.2162027,-1.165088,False
16.68091,-0.2285147,-1.216377,False
16.69207,-0.2000051,-1.170207,False
16.70365,-0.2039554,-1.270547,False
16.71436,-0.266647,-0.8124683,False
16.72555,-0.1231581,-0.2890897,True
16.7366,-0.08759761,-0.4336717,True
16.74761,-0.1302525,-0.4552824,True
16.75872,-0.106853,-0.4774823,True
16.76991,-0.04754794,-0.4357967,True
16.78095,-0.09754384,-0.4947326,False
16.79215,-0.01258612,-0.5297158,False
16.80329,-0.05026734,-0.5937285,False
16.81424,0.02406561,-0.5604107,False
16.8256,-0.02740037,-0.4547582,True
16.83651,-0.02996945,-0.4507315,True
16.84757,0.04658377,-0.4109011,True
16.85875,0.04348648,-0.4211223,True
16.86984,0.04135227,-0.4419246,True
16.88138,0.03781509,-0.4448152,True
16.89193,0.04230106,-0.3985519,True
16.90322,0.04586601,-0.4135478,True
16.91426,0.04693425,-0.4216559,True
16.92551,0.04812646,-0.4223964,True
16.93706,0.05452049,-0.4013131,True
16.94818,0.01899922,-0.3659823,True
16.95886,0.04031384,-0.3899136,True
16.96986,0.02860379,-0.4282024,True
16.98134,0.07390285,-0.4086082,True
16.99197,-0.08351225,-0.2684767,True
17.00311,-0.13227,-0.2596025,True
17.01417,-0.07525295,-0.3309226,True
17.02572,-0.0584417,-0.2741621,True
17.03641,-0.05905879,-0.2715862,True
17.04751,-0.06913167,-0.2521205,True
17.05876,-0.07596469,-0.2710176,True
17.06972,-0.08839393,-0.2749455,True
17.08076,-0.1000291,-0.2776024,True
17.09192,-0.1108268,-0.2787502,True
17.10306,-0.1035106,-0.2772198,True
17.11417,-0.0995481,-0.2722876,True
17.12526,-0.1811903,-0.2657249,True
17.13663,-0.1978527,-0.2754297,True
17.1478,-0.1906744,-0.2675984,True
17.15896,-0.1526315,-0.213392,True
17.16967,-0.2056104,-0.2713635,True
17.18085,-0.1732768,-0.2657614,True
17.19193,-0.1301702,-0.2766514,True
17.20303,-0.08380756,-0.2359378,True
17.21402,-0.05576396,-0.2976534,True
17.22563,-0.06477594,-0.241838,True
17.23633,-0.05711633,-0.2390304,True
17.24742,-0.04917221,-0.2421987,True
17.25853,0.09259698,-0.3101699,True
17.26974,0.07011595,-0.2765815,True
17.28068,0.05618172,-0.218358,True
17.29209,0.1007375,-0.1481934,True
17.30299,0.1273572,-0.06523657,True
17.3141,0.1470793,-0.08404636,True
17.32517,0.2123935,-0.1482978,True
17.33639,0.2193765,-0.1147633,True
