Central
0.0273056,-0.6919386,-1.032835,False
0.03312635,-0.6830084,-1.021694,False
0.04168653,-0.6606407,-1.010838,False
0.0529108,-0.6362936,-1.014783,False
0.06397724,-0.6200535,-1.022728,False
0.07504416,-0.5453222,-1.033266,False
0.08626223,-0.4827027,-1.032869,False
0.09738731,-0.4455287,-1.041927,False
0.108356,-0.4974144,-1.048262,False
0.1196027,-0.5785186,-1.056825,False
0.130631,-0.7617416,-1.057526,False
0.1417518,-0.7941144,-1.046854,False
0.1527486,-0.8365831,-1.015392,False
0.1642079,-0.9350605,-1.022813,False
0.1762567,-0.9958081,-1.015957,False
0.1872077,-1.015624,-1.014832,False
0.1973405,-0.9987226,-1.030198,False
0.2084432,-0.9491324,-1.0384,False
0.2195344,-0.8512805,-1.047181,False
0.230619,-0.7229352,-1.061224,False
0.2417035,-0.7064259,-1.060992,False
0.252912,-0.6910512,-1.076785,False
0.2640595,-0.6277122,-1.074325,False
0.2749677,-0.5768929,-1.093054,False
0.2861171,-0.5324302,-1.098878,False
0.2972798,-0.4933264,-1.091916,False
0.3083129,-0.5433648,-1.093936,False
0.3196979,-0.6358128,-1.095281,False
0.3305516,-0.7134924,-1.110093,False
0.3417726,-0.773061,-1.125008,False
0.3527617,-0.5498855,-0.9240373,False
0.3640227,-0.1974599,-0.1857218,True
0.3750539,-0.03005624,-0.07441401,True
0.3861985,-0.03367972,-0.06621981,True
0.3975482,0.02787924,-0.07513905,True
0.4087682,0.05589747,-0.1325749,True
0.4203057,0.02160621,-0.2195071,True
0.4314218,0.0915041,-0.1367351,True
0.4426875,0.1221571,-0.07582879,True
0.4542289,0.1470785,-0.04583836,True
0.4652438,0.1763682,-0.02424443,True
0.4767709,0.1896,-0.05437958,True
0.4877067,0.09119058,-0.07459128,True
0.4990649,0.07784748,-0.1324133,True
0.5102382,0.09492755,-0.07148027,True
0.5216365,0.1649795,0.00374198,True
0.5328403,0.1412208,0.006125808,True
0.5441375,0.144875,0.004361987,True
0.5552154,0.1636076,-0.002286434,True
0.5664382,0.180604,0.002704859,True
0.5774322,0.181134,0.003641725,True
0.5885386,0.1924818,0.004580021,True
0.5998054,0.1973093,-0.0004166365,True
0.6108117,0.1962557,0.0008330345,True
0.6219049,0.1852431,-0.00894928,True
0.6332278,0.1767752,-0.02008057,True
0.6440673,0.1625571,-0.0005198717,True
0.6551595,0.1411655,-0.0651772,True
0.6662736,0.1491175,-0.06374443,True
0.6774945,0.1500983,-0.07697368,True
0.6885839,0.1524518,-0.09376025,True
0.6999278,0.1524038,-0.1029553,True
0.7106462,0.1579227,-0.09733522,True
0.7219625,0.1675341,-0.1046051,True
0.7329345,0.05767131,-0.09470165,True
0.7439494,-0.1066418,-0.04637146,True
0.7552047,-0.04693842,-0.04787171,True
0.7662091,-0.02671576,-0.02826869,True
0.7775674,-0.01894188,-0.01407766,True
0.7888246,-0.0319953,-0.02267683,True
0.7995543,-0.0742681,-0.003625154,True
0.8108096,-0.1108344,-0.004976392,True
0.821918,-0.1206448,-0.008195162,True
0.8329892,-0.1153355,-0.01379454,True
0.8440585,-0.1222193,-0.01245022,True
0.8550153,-0.1235771,-0.01307368,True
0.8662601,-0.1059544,-0.01441073,True
0.8773551,-0.09119606,-0.01450849,True
0.8883805,-0.09056807,-0.01212394,True
0.8994756,-0.09077716,-0.01326466,True
0.9106879,-0.0965848,-0.009741426,True
0.9218993,-0.1111755,-0.01856375,True
0.9327331,-0.1116071,-0.02624202,True
0.9442725,-0.1120341,-0.03112078,True
0.9549851,-0.1121306,-0.02728069,True
0.9662423,-0.1146455,-0.03216279,True
0.9772162,-0.1088071,-0.03308773,True
0.9887166,-0.1105642,-0.02613759,True
0.999517,-0.1165428,-0.04171896,True
1.010589,-0.1219206,-0.01940382,True
1.021794,-0.1259785,-0.01286745,True
1.033129,-0.1192956,-0.01141047,True
1.044099,-0.1259964,-0.02127624,True
1.055294,-0.1238146,-0.02604997,True
1.066307,-0.1237092,-0.02521873,True
1.077446,-0.121098,-0.02500856,True
1.088759,-0.1185794,-0.01857042,True
1.100014,-0.1152358,-0.01597345,True
1.112262,-0.1042769,-0.009121895,True
1.1231,-0.08849335,-0.01264215,True
1.132959,-0.08248925,-0.02165866,True
1.144073,-0.08686614,-0.03358603,True
1.155074,-0.07958937,-0.02653003,True
1.166088,-0.06247258,-0.02631521,True
1.177504,-0.05864048,-0.03087437,True
1.188305,-0.05668211,-0.04310775,True
1.199374,-0.05637169,-0.04383409,True
1.210589,-0.07347798,-0.03378546,True
1.221562,-0.07678366,-0.02300394,True
1.23275,-0.08071947,-0.01813352,True
1.243762,-0.08167911,-0.03524208,True
1.255175,-0.08397293,-0.04229748,True
1.266016,-0.08863592,-0.03680205,True
1.277105,-0.09829044,-0.0356667,True
1.288228,-0.1012974,-0.03172696,True
1.299482,-0.09829545,-0.03929818,True
1.310463,-0.09134841,-0.04458499,True
1.321521,-0.08469129,-0.03669608,True
1.33291,-0.08791304,-0.03981018,True
1.343848,-0.1026936,-0.05290294,True
1.354846,-0.1107109,-0.04648411,True
1.366085,-0.07068729,-0.04239166,True
1.377207,-0.0918026,-0.06732154,True
1.388724,-0.0682292,-0.06874824,True
1.399303,-0.07413721,-0.0611757,True
1.41061,-0.07434964,-0.06532848,True
1.421632,-0.08806372,-0.06929016,True
1.432536,-0.08243942,-0.05807054,True
1.443762,-0.07508135,-0.06813335,True
1.455172,-0.04166794,-0.07141769,True
1.466114,-0.0402081,-0.06103933,True
1.477015,-0.0540998,-0.05327094,True
1.488642,-0.06936717,-0.06501245,True
1.499292,-0.07581258,-0.07145655,True
1.510284,-0.07218289,-0.07487965,True
1.521672,-0.06853247,-0.06158614,True
1.532609,-0.07464218,-0.05142057,True
1.543823,-0.07516241,-0.05245888,True
1.554776,-0.0770359,-0.05495119,True
1.566232,-0.07910705,-0.051736,True
1.57699,-0.08087325,-0.05256808,True
1.588037,-0.09363461,-0.04614377,True
1.599207,-0.1037116,-0.04065502,True
1.610299,-0.1141078,-0.02541447,True
1.621403,-0.09151483,-0.01917338,True
1.632515,-0.06371522,-0.02465749,True
1.643669,-0.06423426,-0.02476156,True
1.654751,-0.03625274,-0.03739214,True
1.665891,-0.0360496,-0.04371595,True
1.677043,-0.03408432,-0.05076516,True
1.687976,-0.03750372,-0.04724193,True
1.699204,-0.04279566,-0.05305374,True
1.710211,-0.04570293,-0.05896914,True
1.721811,-0.05939674,-0.05950141,True
1.732566,-0.06219935,-0.05929625,True
1.743517,-0.06127071,-0.06469202,True
1.754737,-0.06156278,-0.04746795,True
1.765978,-0.06178594,-0.0609566,True
1.776931,-0.06116724,-0.06552255,True
1.787941,-0.06502986,-0.08380252,True
1.799101,-0.0852437,-0.05931866,True
1.81024,-0.09926558,-0.05798286,True
1.821533,-0.1103191,-0.05853271,True
1.832446,-0.1120956,-0.0601995,True
1.84347,-0.102598,-0.0573678,True
1.854638,-0.06209922,-0.06344736,True
1.865746,-0.05556512,-0.06572437,True
1.877062,-0.04768014,-0.06530082,True
1.888146,-0.0443604,-0.06550515,True
1.899037,-0.04840684,-0.06633908,True
1.910314,-0.05586958,-0.05960113,True
1.921345,-0.06136823,-0.05867285,True
1.93243,-0.06787419,-0.03336769,True
1.94345,-0.07900453,-0.05266988,True
1.954622,-0.06654835,-0.05214083,True
1.965754,-0.05658388,-0.04829347,True
1.976773,-0.04144359,-0.04911172,True
1.988019,-0.02175212,-0.05106664,True
1.999086,-0.02071667,-0.05210239,True
2.010087,-0.01812673,-0.05230814,True
2.021241,-0.02133822,-0.05272532,True
2.032713,-0.02040887,-0.05842775,True
2.04345,-0.014709,-0.05831897,True
2.054511,-0.02217507,-0.07201898,True
2.065629,-0.04862237,-0.07568151,True
2.076798,-0.05754161,-0.0701893,True
2.088024,-0.0668714,-0.0619989,True
2.09895,-0.06241298,-0.06562763,True
2.110066,-0.0598278,-0.07330722,True
2.121256,-0.04188824,-0.08636874,True
2.132286,-0.03597164,-0.08210325,True
2.143491,-0.03742433,-0.08189732,True
2.154492,-0.03514099,-0.08137566,True
2.16569,-0.03814983,-0.0817942,True
2.176623,-0.03710532,-0.07151639,True
2.188039,-0.03285575,-0.07503992,True
2.198947,-0.03223681,-0.07856935,True
2.210125,-0.03659272,-0.08054674,True
2.221095,-0.03586626,-0.0785737,True
2.232255,-0.04364324,-0.07577956,True
2.243345,-0.04063487,-0.07453114,True
2.254514,-0.03119683,-0.07617974,True
2.265544,-0.02891469,-0.07389456,True
2.276721,-0.02508163,-0.08022183,True
2.287712,-0.03545403,-0.08417886,True
2.298863,-0.034729,-0.08521718,True
2.309972,-0.04198623,-0.08034575,True
2.321609,-0.04757977,-0.06934893,True
2.332125,-0.05379868,-0.06302321,True
2.343605,-0.06552315,-0.06251663,True
2.355687,-0.07278514,-0.05899483,True
2.367158,-0.07883024,-0.07540768,True
2.376838,-0.0909462,-0.05288768,True
2.387763,-0.1032348,-0.06329042,True
2.39888,-0.1041815,-0.06703264,True
2.409975,-0.1023996,-0.06224984,True
2.421062,-0.08765006,-0.07011986,True
2.432179,-0.06263041,-0.07403719,True
2.443204,-0.06045699,-0.07901984,True
2.454278,-0.06678915,-0.07892305,True
2.465839,-0.07466698,-0.06896389,True
2.476629,-0.08866048,-0.05267847,True
2.487602,-0.09759235,-0.05237484,True
2.499005,-0.1035686,-0.07326615,True
2.509838,-0.1082878,-0.08503169,True
2.521045,-0.1004798,-0.09321409,True
2.532106,-0.0909276,-0.1005827,True
2.543232,-0.09507203,-0.09559184,True
2.554286,-0.09371567,-0.09215933,True
2.565426,-0.09119415,-0.1138372,True
2.576476,-0.08338833,-0.1129848,True
2.587652,-0.08180499,-0.1069278,True
2.598751,-0.08133054,-0.08070862,True
2.609892,-0.05807066,-0.08046937,True
2.621004,-0.05422735,-0.07683146,True
2.632062,-0.06449819,-0.07341588,True
2.643114,-0.07391572,-0.05152339,True
2.65448,-0.08172083,-0.06388277,True
2.665393,-0.07942438,-0.05588728,True
2.676528,-0.07434607,-0.06262928,True
2.687563,-0.06115627,-0.05504042,True
2.698739,-0.03948617,-0.06435901,True
2.709825,-0.03512216,-0.05107665,True
2.721178,-0.04144645,-0.05108219,True
2.731956,-0.04041123,-0.05357063,True
2.743105,-0.04735732,-0.05285007,True
2.754228,-0.0393672,-0.04516953,True
2.765285,-0.03729916,-0.05232239,True
2.782141,-0.03647041,-0.05335891,True
2.787618,-0.03647184,-0.05336142,True
2.798633,-0.05785537,-0.07278568,True
2.809901,-0.08307147,-0.06492275,True
2.820934,-0.1039388,-0.04968703,True
2.832084,-0.1061232,-0.04740834,True
2.843042,-0.09623742,-0.04905224,True
2.854158,-0.0770328,-0.0528754,True
2.865299,-0.05298257,-0.07724494,True
2.876474,-0.04717493,-0.08097589,True
2.887812,-0.03689289,-0.06425142,True
2.898592,-0.0361774,-0.08023494,True
2.909721,-0.03431344,-0.08396959,True
2.920813,-0.03700018,-0.0690254,True
2.931899,-0.03845167,-0.06975394,True
2.943116,-0.03918004,-0.07317948,True
2.954176,-0.04343557,-0.0756759,True
2.965469,-0.04333234,-0.07681739,True
2.976313,-0.05016017,-0.05554944,True
2.987443,-0.04342127,-0.05855209,True
2.998519,-0.04548907,-0.05056691,True
3.009688,-0.04196572,-0.05191261,True
3.020808,-0.0369904,-0.05585027,True
3.031846,-0.04279757,-0.0558545,True
3.042874,-0.05172062,-0.06105042,True
3.054055,-0.0549345,-0.05866623,True
3.065155,-0.05835819,-0.05877346,True
3.076295,-0.0582521,-0.05597162,True
3.087435,-0.0570035,-0.05285841,True
3.098568,-0.06032801,-0.05773747,True
3.109629,-0.06064439,-0.0615778,True
3.120967,-0.05567908,-0.07558692,True
3.131847,-0.05297828,-0.07371414,True
3.142924,-0.06014109,-0.07579964,True
3.154069,-0.03636336,-0.04796714,True
3.16517,-0.05751181,-0.04269361,True
3.176261,-0.02061415,-0.057702,True
3.187454,-0.05793476,-0.05047381,True
3.198408,-0.03137589,-0.02599192,True
3.20964,-0.0903933,-0.1211482,True
3.22067,0.04565573,-0.155372,True
3.231775,0.1596894,-0.05929828,True
3.243016,0.2179596,-0.06819701,True
3.254061,0.1207266,-0.04484415,True
3.265042,0.1007802,0.03587437,True
3.27646,0.1154459,-0.1031837,True
3.288709,0.05120349,0.1307589,True
3.299542,-0.06539917,0.05037087,True
3.30951,-0.02753091,-0.00124234,True
3.320759,-0.07203007,-0.03762168,True
3.331683,-0.0006206036,0.05166632,True
3.34287,-0.05829549,-0.0954299,True
3.353914,-0.0165906,-0.1047288,True
3.36504,0.01128197,-0.01449007,True
3.37625,0.005899906,0.03240079,True
3.38725,-0.03127575,0.03417492,True
3.398485,-0.0280745,-0.05553031,True
3.409523,0.04335475,-0.2541575,True
3.553908,-0.001141548,-0.1228502,True
3.56492,-0.03129435,-0.06331271,True
3.576033,-0.02921128,-0.04609609,True
3.587399,-0.008388996,-0.05302608,True
3.598215,0.104692,-0.06100941,True
3.609424,0.01584744,-0.05126983,True
3.620566,-0.02660465,-0.01345748,True
3.631604,-0.04597569,-0.01097608,True
3.642725,-0.05448055,-0.01833314,True
3.653828,-0.05903316,-0.009735286,True
3.664882,-0.05137348,-0.02206248,True
3.676225,-0.01635122,-0.004139543,True
3.687106,0.03136635,-0.007970989,True
3.698184,0.0655663,-0.009943664,True
3.709432,0.06960773,-0.008183002,True
3.720459,0.06857705,-0.01315624,True
3.731481,0.06899595,0.01730049,True
3.742967,0.04898715,0.02071357,True
3.753716,0.03033042,0.00890249,True
3.765028,0.01862836,-0.003207922,True
3.775947,0.01842022,-0.0003104806,True
3.787563,0.02080393,0.008072734,True
3.79823,0.009003162,0.003620863,True
3.80929,0.009520769,0.005484402,True
3.820471,0.0140748,0.007140458,True
3.831433,0.0152123,0.004035771,True
3.842839,0.02245831,-0.0001037121,True
3.853933,0.02152824,-0.004450738,True
3.8649,0.03167391,0.0007244349,True
3.876034,0.02287745,-0.01490641,True
3.886981,0.01852918,-0.01552707,True
3.898386,0.02008104,-0.01428467,True
3.909146,0.02774525,-0.01480401,True
3.920434,0.02722883,-0.01884282,True
3.931544,0.02982926,-0.0385285,True
3.942559,0.03138471,-0.04018837,True
3.953619,0.03242612,-0.04920906,True
3.964743,0.04258204,-0.04465377,True
3.976014,0.04652429,-0.04704171,True
3.987015,0.03885555,-0.05232489,True
3.998122,0.04124117,-0.05336434,True
4.009249,0.04995251,-0.05420107,True
4.020322,0.04912567,-0.0574165,True
4.031431,0.04155493,-0.0579285,True
4.04249,0.03720045,-0.05802852,True
4.053893,0.04114151,-0.05927646,True
4.064661,0.04425311,-0.06021285,True
4.075888,0.04881477,-0.05793571,True
4.086923,0.04829454,-0.05617046,True
4.098011,0.04871106,-0.05793548,True
4.109511,0.04819274,-0.05783117,True
4.120353,0.0475688,-0.05731118,True
4.131378,0.04010582,-0.05989814,True
4.14258,0.0393827,-0.06425589,True
4.153552,0.04124522,-0.0600028,True
4.164676,0.04632258,-0.05388701,True
4.176221,0.04103279,-0.05377901,True
4.186929,0.04124928,-0.06581318,True
4.198135,0.03865194,-0.05699223,True
4.209677,0.03968668,-0.05533373,True
4.220216,0.03958416,-0.05678546,True
4.231363,0.03688431,-0.05149287,True
4.242442,0.03522515,-0.04993629,True
4.253494,0.03677559,-0.04350942,True
4.264663,0.0319016,-0.03801239,True
4.27608,0.0302434,-0.03884,True
4.286759,0.03179836,-0.03770113,True
4.297948,0.03034759,-0.03801107,True
4.309109,0.0304513,-0.04049873,True
4.32024,0.03024459,-0.04080951,True
4.331231,0.03252602,-0.0423665,True
4.342506,0.03242469,-0.04506153,True
4.353515,0.03304577,-0.04454345,True
4.364895,0.03822827,-0.04589486,True
4.377285,0.03833485,-0.04993856,True
4.387924,0.04123688,-0.04931861,True
4.398013,0.04279566,-0.05243206,True
4.408981,0.04041052,-0.05191135,True
4.420498,0.03947973,-0.05637044,True
4.43121,0.04082561,-0.05243027,True
4.442368,0.03875065,-0.05035394,True
4.453481,0.03729749,-0.04807144,True
4.464689,0.04299688,-0.0455873,True
4.475921,0.04662466,-0.04351586,True
4.486683,0.04693627,-0.04413819,True
4.497879,0.04299212,-0.03884828,True
4.508905,0.04133344,-0.03874338,True
4.520337,0.03542495,-0.03770298,True
4.531104,0.03770661,-0.03832728,True
4.542301,0.03729105,-0.03832662,True
4.553436,0.03355885,-0.03780556,True
4.564452,0.03500962,-0.03708082,True
4.57557,0.03656244,-0.03417993,True
4.586785,0.03718686,-0.03801566,True
4.597836,0.03417969,-0.03562975,True
4.608902,0.03272796,-0.03500688,True
4.620234,0.03366184,-0.03428203,True
4.631118,0.03045011,-0.03593838,True
4.642289,0.03107214,-0.03801161,True
4.653286,0.03014088,-0.03915107,True
4.664435,0.02319741,-0.03697085,True
4.675799,0.02972603,-0.03956521,True
4.686534,0.03407717,-0.0374949,True
4.697853,0.04072428,-0.0556457,True
4.708942,0.0418551,-0.04361635,True
4.720102,0.04216576,-0.04320216,True
4.73104,0.03708553,-0.04029638,True
4.742226,0.03925705,-0.03480297,True
4.753339,0.04340076,-0.03086758,True
4.764356,0.054492,-0.02993965,True
4.77558,0.05698133,-0.03004456,True
4.786559,0.05946946,-0.03004599,True
4.798173,0.07771635,-0.02176076,True
4.808897,0.09889579,-0.0247758,True
4.820089,0.1102164,-0.008709669,True
4.831291,0.1201117,-0.002282083,True
4.842124,0.1185474,-0.003215253,True
4.85335,0.1152105,-0.003629744,True
4.864418,0.09307575,-0.02166235,True
4.875515,0.07906723,-0.02321243,True
4.886523,0.08352613,-0.02103692,True
4.89772,0.07542205,-0.01201808,True
4.908806,0.07428837,-0.01823556,True
4.919974,0.07096457,-0.01553988,True
4.931022,0.06590891,-0.0364778,True
4.942144,-0.2547088,0.01203436,True
4.953143,-0.427829,0.1743847,True
4.964256,-0.639904,0.2847975,False
4.975468,-0.6056075,0.1973711,False
4.986743,-0.6590071,0.3087942,False
4.998048,-0.606936,0.235882,False
5.008813,-0.6180251,0.2632735,False
5.019836,-0.6195219,0.2359173,False
5.03107,-0.5640547,0.1811073,False
5.042008,-0.5568531,0.1665971,False
5.05316,-0.5667295,0.1715223,False
5.064229,-0.568316,0.1805584,False
5.075339,-0.5679729,0.1764314,False
5.086523,-0.596607,0.125854,False
5.097627,-1.341744,0.2794265,False
5.108645,-1.376541,0.3147982,False
5.119874,-1.700506,0.4329535,False
5.130988,-1.749857,0.2872029,False
5.142256,-1.739768,0.3389887,False
5.153062,-1.733922,0.3453442,False
5.164248,-1.659883,0.2544538,False
5.175278,-1.674806,0.2628995,False
5.186435,-1.650514,0.2698992,False
5.19802,-1.678859,0.3117192,False
5.208645,-1.859704,0.5874324,False
5.219798,-2.100234,0.6213103,False
5.230792,-2.415372,1.017719,False
5.24205,-2.494164,1.166381,False
5.253026,-2.515917,1.221781,False
5.264127,-2.461506,1.119953,False
5.275174,-2.480925,1.178369,False
5.286472,-2.490842,1.175346,False
5.298235,-2.510853,1.216643,False
5.308534,-2.508337,1.160655,False
5.319828,-2.543907,1.368518,False
5.330824,-2.548305,1.507037,False
5.342023,-2.587932,1.431251,False
5.352906,-2.571295,1.457391,False
5.364117,-2.581824,1.487398,False
5.37528,-2.577006,1.479515,False
5.386311,-2.567958,1.480923,False
5.398046,-2.561026,1.475637,False
5.408512,-2.562798,1.476001,False
5.419667,-2.559935,1.473814,False
5.430756,-2.1685,1.556094,False
5.441896,-1.802653,1.65919,False
5.453331,-1.2919,1.517524,False
5.465842,-0.4906914,1.558827,False
5.476137,-0.02672529,1.597546,False
5.486357,0.1240072,1.472776,False
5.49752,0.7045019,1.418551,False
5.508611,0.6349046,1.496999,False
5.519614,0.6647666,1.466853,False
5.5309,0.7164917,1.428089,False
5.541942,0.7344944,1.414742,False
5.552923,0.7464316,1.401901,False
5.563991,0.7524183,1.391044,False
5.576039,0.7784579,1.365312,False
5.58717,1.46483,1.268029,False
5.597303,1.813001,1.290289,False
5.608799,2.062246,1.297087,False
5.61951,2.542001,1.327413,False
5.630748,3.217654,1.18593,False
5.641813,3.424609,1.024301,False
5.652994,3.674774,0.9647084,False
5.663965,3.909128,0.859863,False
5.675075,3.985948,0.6608921,False
5.686147,4.013649,0.6175527,False
5.69748,4.055269,0.6121261,False
5.708671,4.0493,0.5480235,False
5.719603,4.062,0.5767328,False
5.730598,4.084784,0.5967492,False
5.741752,4.080616,0.58608,False
5.752933,4.073479,0.5675069,False
5.76419,4.069398,0.5426446,False
5.775054,4.062504,0.532827,False
5.786127,4.067507,0.5242804,False
5.797257,4.056084,0.5266151,False
5.80835,4.030377,0.3966041,False
5.819639,4.117799,0.3221068,False
5.830632,4.199004,0.062325,False
5.841694,4.139496,-0.1690974,False
5.852786,3.9508,-0.5820678,False
5.863868,3.374331,-1.390366,False
5.875252,2.856917,-1.603204,False
5.886362,2.627686,-2.044176,False
5.897639,2.03434,-2.518824,False
5.908575,1.685786,-2.679185,False
5.919772,1.332389,-2.949369,False
5.930776,0.8299937,-3.261596,False
5.941818,0.6425064,-3.501262,False
5.953034,0.4045146,-3.828999,False
5.964169,0.07626152,-4.189406,False
5.97501,-0.1521986,-4.208051,False
5.986053,-0.311851,-4.597972,False
5.997145,-0.5681553,-4.982426,False
6.008281,-0.8113167,-5.62777,False
6.019363,-1.19311,-5.343284,False
6.030676,-0.9930429,-5.696664,False
6.04183,-1.079985,-5.850539,False
6.052989,-1.073811,-5.730839,False
6.063913,-1.341263,-5.757575,False
6.075231,-1.745456,-5.675603,False
6.086078,-1.824796,-5.513896,False
6.097309,-1.855818,-5.584884,False
6.108331,-1.846248,-5.652486,False
6.119832,-1.821753,-5.626271,False
6.130735,-1.828662,-5.629152,False
6.141737,-1.80607,-5.603221,False
6.152834,-1.862896,-5.677072,False
6.164092,-2.410805,-5.325372,False
6.174937,-2.580736,-5.016165,False
6.186198,-3.059798,-4.641906,False
6.197257,-3.707652,-4.080117,False
6.208304,-4.076983,-3.620918,False
6.219599,-4.227344,-3.006419,False
6.23075,-4.386059,-1.984741,False
6.241498,-4.494656,-1.621617,False
6.252595,-4.493849,-1.230524,False
6.263878,-4.653054,-0.6644399,False
6.274973,-4.765864,-0.426046,False
6.286162,-5.093749,-0.3355235,False
6.297121,-5.247447,-0.1520222,False
6.308196,-5.265068,-0.1358747,False
6.319539,-5.012806,-0.09158432,False
6.33052,-5.095716,-0.1364258,False
6.341566,-5.292873,-0.1263684,False
6.352662,-5.086514,-0.07114685,False
6.363872,-5.037464,-0.08794707,False
6.374836,-5.073914,-0.08097565,False
6.386243,-5.107087,-0.06893516,False
6.397057,-5.090685,-0.05259401,False
6.408247,-5.08665,-0.04946482,False
6.419323,-5.097343,-0.05424583,False
6.430487,-5.349171,-0.01351035,False
6.441508,-5.643925,0.3153153,False
6.452568,-5.761781,0.2796344,False
6.464008,-5.545941,0.4990018,False
6.474957,-5.519842,0.7020205,False
6.486141,-5.572609,0.5967947,False
6.497133,-5.624994,0.6381634,False
6.508313,-5.622012,0.7478828,False
6.519236,-5.630114,0.8070394,False
6.53037,-5.657834,0.6696007,False
6.541627,-5.670428,0.693589,False
6.552555,-5.692233,0.6957432,False
6.563831,-5.672283,0.7078868,False
6.574737,-5.679164,0.7090641,False
6.58607,-5.67657,0.7035317,False
6.597257,-5.767825,0.9269306,False
6.608117,-5.945255,1.030456,False
6.619157,-5.379016,1.446404,False
6.630717,-4.552671,1.688608,False
6.641493,-3.851539,1.785794,False
6.652497,-3.321148,1.93182,False
6.663677,-1.755675,1.849602,False
6.674755,-1.106279,1.901784,False
6.686032,-0.7001417,1.800231,False
6.697177,0.1859562,1.567209,False
6.707983,0.7420444,1.376602,False
6.719225,1.14555,1.248079,False
6.730312,1.736461,0.8810504,False
6.741409,2.127067,0.5635328,False
6.752498,2.554636,0.3313462,False
6.763579,2.819615,-0.14548,False
6.774745,3.012983,-0.5668709,False
6.785767,3.10689,-1.072562,False
6.796824,3.416687,-1.710603,False
6.808146,3.584747,-2.139401,False
6.819032,3.567166,-2.481,False
6.830447,3.881428,-3.144888,False
6.841608,3.920978,-3.186351,False
6.852797,3.981917,-3.734488,False
6.863519,3.413092,-3.869769,False
6.874528,3.25584,-4.01313,False
6.886093,3.214857,-4.533616,False
7.063574,1.507533,-3.975236,False
7.074467,0.9371412,-3.051955,False
7.085541,0.2940354,-2.290859,False
7.096832,-0.5440242,-1.378144,False
7.107824,-0.8256299,-0.7372039,False
7.118919,-1.310796,-0.457439,False
7.1301,-1.801004,-0.04382956,False
7.14115,-2.183826,0.4653463,False
7.152133,-2.285448,0.6877373,False
7.164006,-3.112775,1.044334,False
7.174551,-3.230569,1.078122,False
7.185503,-3.503118,1.288795,False
7.196702,-3.989356,1.568876,False
7.207773,-4.240787,1.617065,False
7.218971,-4.422075,1.634026,False
7.229986,-4.599777,1.670186,False
7.241087,-4.650238,1.662745,False
7.252214,-4.684244,1.640917,False
7.263226,-4.63091,1.706696,False
7.274672,-4.653828,1.681518,False
7.285503,-4.569933,1.763331,False
7.296562,-4.577696,1.685246,False
7.307798,-4.562813,1.640616,False
7.319006,-4.559185,1.523943,False
7.330072,-5.637484,1.50272,False
7.341016,-5.730275,1.046808,False
7.352266,-5.81792,0.8121873,False
7.363281,-5.893525,1.053519,False
7.374474,-5.793957,1.001548,False
7.385467,-5.70179,1.008752,False
7.396883,-5.731205,0.9398769,False
7.407663,-5.704678,0.8898143,False
7.41884,-5.713082,0.8498214,False
7.430134,-5.678098,0.8405596,False
7.440904,-5.631677,0.8044243,False
7.452045,-5.673922,0.7817673,False
7.463576,-5.046103,0.708066,False
7.474453,-4.119118,0.6217566,False
7.485324,-3.230447,0.6435291,False
7.496629,-1.311462,0.3616259,False
7.507516,-0.8624265,0.1050473,False
7.518648,-0.5546513,0.112533,False
7.52986,-0.07618093,-0.1038924,True
7.540946,-0.0421555,-0.1746591,True
7.551997,-0.117543,-0.122848,True
7.563222,-0.02908182,-0.1349192,True
7.574145,0.03886294,-0.06332022,True
7.5854,0.05484605,-0.07298946,True
7.596564,0.1953182,0.004580557,True
7.607465,0.1769471,0.008010387,True
7.61858,0.1467609,0.004985631,True
7.630146,0.07411838,-0.04654413,True
7.640848,0.03752112,-0.07182807,True
7.65209,0.06417274,-0.06023228,True
7.663145,0.09392905,-0.03483474,True
7.674565,0.09371328,-0.03037357,True
7.685194,0.09370518,-0.02601743,True
7.696429,0.1010721,-0.02187306,True
7.707453,0.09951901,-0.02508688,True
7.718549,0.1020303,-0.03286946,True
7.729859,0.1186101,-0.03185773,True
7.740801,0.1296849,-0.03405637,True
7.751981,0.1567624,-0.02609229,True
7.763046,0.1579108,-0.02401412,True
7.774146,0.1528921,-0.02743942,True
7.785559,0.1295736,-0.03104395,True
7.797944,0.09716296,-0.04313695,True
7.808531,0.08709812,-0.04852593,True
7.818473,0.08243275,-0.05464435,True
7.829913,0.07860518,-0.06336141,True
7.840816,0.04166961,-0.07204008,True
7.851923,0.06325865,-0.07788092,True
7.863141,0.0645864,-0.05971414,True
7.874177,0.05661178,-0.07330424,True
7.885183,0.04800057,-0.07516223,True
7.89637,0.05112219,-0.08440703,True
7.907353,0.05692601,-0.07735366,True
7.918547,0.05672288,-0.08036429,True
7.929776,0.04531097,-0.08377773,True
7.941023,0.04479742,-0.09104657,True
7.951688,0.04448509,-0.08876175,True
7.96312,0.04562497,-0.08782697,True
7.974126,0.04018497,-0.1254346,True
7.985193,0.04044008,-0.09218377,True
7.99648,0.02894974,-0.1144486,True
8.007441,0.03022408,-0.1340879,True
8.018425,0.03375173,-0.1304357,True
8.029644,0.02971458,-0.141616,True
8.040684,0.03315353,-0.146333,True
8.051956,0.05344629,-0.1498373,True
8.062943,0.05997658,-0.1405349,True
8.074053,0.06456614,-0.1437907,True
8.085106,0.06488371,-0.1458847,True
8.096443,0.05936861,-0.1461861,True
8.107294,0.05438161,-0.1491068,True
8.118441,0.05771446,-0.1500583,True
8.129578,0.06477833,-0.1453609,True
8.140686,0.06770825,-0.1497692,True
8.151699,0.06729364,-0.1503963,True
8.162899,0.06607056,-0.1586717,True
8.173988,0.06115842,-0.1530007,True
8.184954,0.05793381,-0.153622,True
8.196268,0.04586124,-0.15443,True
8.207388,0.04699731,-0.1507651,True
8.218426,0.04825449,-0.1544355,True
8.22958,0.05149484,-0.1602069,True
8.24061,0.03941727,-0.1581854,True
8.252003,0.03722882,-0.156609,True
8.262922,0.03867698,-0.1524215,True
8.273901,0.0388763,-0.1477093,True
8.284966,0.03866482,-0.145511,True
8.296129,0.03803039,-0.1405886,True
8.307219,0.03938174,-0.1399641,True
8.31827,0.04385829,-0.1427998,True
8.329582,0.04811907,-0.141031,True
8.340523,0.05020785,-0.1446995,True
8.35157,0.05497575,-0.1378032,True
8.362848,0.05662799,-0.1335174,True
8.37396,0.05726004,-0.136239,True
8.384871,0.058815,-0.1342557,True
8.396049,0.0501852,-0.1354904,True
8.407425,0.05040336,-0.1394668,True
8.418379,0.0516367,-0.1335073,True
8.429596,0.04964709,-0.1279616,True
8.440424,0.05100131,-0.128696,True
8.451553,0.03975868,-0.1200018,True
8.46303,0.04310203,-0.1293073,True
8.474237,0.04832339,-0.1393579,True
8.484859,0.07678342,-0.1258242,True
8.496416,0.07391,-0.1077502,True
8.507114,0.07416797,-0.1219513,True
8.518562,0.07312536,-0.1209052,True
8.529528,0.06675029,-0.1113884,True
8.540401,0.06158566,-0.1218218,True
8.55151,0.05197954,-0.1043725,True
8.562977,0.06462407,-0.09107494,True
8.573746,0.06846094,-0.08640546,True
8.584883,0.0701201,-0.0845378,True
8.59618,0.06750274,-0.06833249,True
8.607204,0.05629444,-0.06790525,True
8.618107,0.04841542,-0.07547414,True
8.629532,0.03939533,-0.08273035,True
8.640366,0.03690505,-0.08106637,True
8.651503,0.03223562,-0.07784283,True
8.662676,0.02850604,-0.08510447,True
8.673775,0.02912927,-0.08510596,True
8.684801,0.02819562,-0.08531177,True
8.695993,0.04302406,-0.07910126,True
8.707115,0.04022145,-0.07608783,True
8.718309,0.0326488,-0.07566297,True
8.73073,0.03773284,-0.07919848,True
8.741285,0.04416513,-0.07889527,True
8.751514,0.0494585,-0.08066738,True
8.762911,0.07747555,-0.07239282,True
8.773621,0.0902462,-0.06783926,True
8.784725,0.09273028,-0.06389481,True
8.796013,0.08451462,-0.05755347,True
8.807003,0.07964206,-0.06211674,True
8.817993,0.0694766,-0.06895733,True
8.829788,0.05641389,-0.08368766,True
8.840588,0.05890608,-0.08410692,True
8.851692,0.06107998,-0.07860559,True
8.862761,0.08922029,-0.07729018,True
8.873905,0.101588,-0.07357109,True
8.88479,0.1125431,-0.0737139,True
8.895924,0.1239231,-0.07125849,True
8.906996,0.1233671,-0.05711478,True
8.918062,0.11146,-0.05552232,True
8.929125,0.08016324,-0.06346691,True
8.94031,0.08486342,-0.08081722,True
8.951513,0.08400965,-0.06585962,True
8.962505,0.09532571,-0.06254822,True
8.973513,0.099581,-0.05974865,True
8.984705,0.1004231,-0.0635941,True
8.995817,0.08577657,-0.06679547,True
9.00687,0.07623553,-0.07633948,True
9.017916,0.07177377,-0.07872295,True
9.029421,0.07543111,-0.09483355,True
9.040527,0.07595158,-0.09618503,True
9.051224,0.07636857,-0.09670544,True
9.062622,0.06472182,-0.08556926,True
9.07361,0.0565238,-0.08888143,True
9.084558,0.0366025,-0.0929057,True
9.096241,0.02996564,-0.09756958,True
9.106878,0.02778721,-0.09652781,True
9.117981,0.03359699,-0.09861362,True
9.129091,0.04832411,-0.08907801,True
9.140303,0.0547452,-0.07548225,True
9.151493,0.05194259,-0.07412863,True
9.162533,0.05162692,-0.06966484,True
9.173479,0.05452681,-0.06478977,True
9.184822,0.05452943,-0.06686521,True
9.195759,0.05360532,-0.07631129,True
9.206886,0.05931091,-0.07517588,True
9.220457,0.05558205,-0.08223253,True
9.230238,0.04872108,-0.06883121,True
9.24144,0.05089498,-0.06395501,True
9.250187,0.05131173,-0.06592768,True
9.263826,0.0537076,-0.07475442,True
9.275711,0.0564034,-0.07320023,True
9.283705,0.05308318,-0.07340294,True
9.294195,0.04914904,-0.08274382,True
9.305571,0.03585839,-0.06736457,True
9.316139,0.03585887,-0.06757247,True
9.327263,0.03389144,-0.07120186,True
9.338499,0.03700948,-0.08137828,True
9.349354,0.03607583,-0.08282995,True
9.360416,0.04873967,-0.08845598,True
9.371742,0.03432274,-0.09529108,True
9.382568,0.03442407,-0.09342128,True
9.393848,0.03411531,-0.09726417,True
9.404942,0.03795433,-0.09737355,True
9.415977,0.04781508,-0.09957081,True
9.427011,0.05031109,-0.101347,True
9.438332,0.05227065,-0.09219986,True
9.449669,0.05538058,-0.08763343,True
9.460829,0.05475545,-0.08565915,True
9.471785,0.05558395,-0.08327204,True
9.482639,0.05516839,-0.08327115,True
9.494053,0.05527282,-0.08347905,True
9.504971,0.05610251,-0.08337611,True
9.515907,0.05599546,-0.07984447,True
9.527134,0.05049419,-0.07962996,True
9.538197,0.05153203,-0.07797045,True
9.549234,0.05110669,-0.06831455,True
9.560369,0.04954696,-0.06436855,True
9.571665,0.04632974,-0.06312078,True
9.58263,0.04570818,-0.06457293,True
9.593876,0.0555644,-0.06447965,True
9.60507,0.05815291,-0.06001872,True
9.616308,0.05513954,-0.0548287,True
9.627668,0.05430698,-0.05223453,True
9.638815,0.05409265,-0.04569918,True
9.650291,0.05398774,-0.04466236,True
9.661409,0.05108595,-0.04611212,True
9.672544,0.05275297,-0.05420387,True
9.683861,0.05503798,-0.0577333,True
9.695147,0.05160546,-0.04766762,True
9.70644,0.04445076,-0.04755908,True
9.71751,0.04289389,-0.04641646,True
9.728931,0.04424524,-0.04880303,True
9.739803,0.0491147,-0.04476273,True
9.751034,0.05171704,-0.05524045,True
9.762199,0.05339742,-0.07672638,True
9.773617,0.05370879,-0.07714224,True
9.784426,0.05225515,-0.07568711,True
9.79545,0.05091,-0.07942283,True
9.806618,0.04779911,-0.08159971,True
9.817616,0.04716897,-0.07350045,True
9.828718,0.04342747,-0.06477809,True
9.839966,0.04135513,-0.06768143,True
9.851057,0.04052544,-0.06768018,True
9.862156,0.04073429,-0.06871849,True
9.873577,0.04259849,-0.06664497,True
9.884302,0.0379324,-0.0653953,True
9.895489,0.04042053,-0.0656051,True
9.906435,0.04363251,-0.06249559,True
9.91794,0.04082823,-0.05595702,True
9.928917,0.03916168,-0.04454744,True
9.939951,0.04020357,-0.05232674,True
9.950928,0.04030848,-0.05408978,True
9.962225,0.03958106,-0.05180722,True
9.973209,0.03999138,-0.04693288,True
9.984106,0.0387454,-0.04423642,True
9.995472,0.04030108,-0.04382265,True
10.00637,0.0415442,-0.0441345,True
10.01764,0.04154754,-0.04838598,True
10.02903,0.04113698,-0.05377859,True
10.03973,0.04653144,-0.05575424,True
10.05075,0.04621935,-0.05565,True
10.0621,0.03885603,-0.05336231,True
10.0734,0.04227901,-0.05554312,True
10.08431,0.04995298,-0.05544579,True
10.09542,0.07205677,-0.05764574,True
10.10658,0.07392406,-0.056714,True
10.11768,0.07589865,-0.05837542,True
10.12865,0.0688448,-0.0615868,True
10.13964,0.06209683,-0.0598157,True
10.15089,0.04104066,-0.06301218,True
10.16211,0.03223014,-0.06808752,True
10.17299,0.03202343,-0.06860602,True
10.18413,0.0245595,-0.07108867,True
10.19535,0.03369308,-0.08604658,True
10.20641,0.03493595,-0.08386683,True
10.21815,0.03524995,-0.08833283,True
10.2286,0.03285432,-0.07192683,True
10.23995,0.03845382,-0.07151783,True
10.25079,0.03969932,-0.07234997,True
10.26186,0.04374695,-0.07453507,True
10.27323,0.04478312,-0.07318658,True
10.28418,0.05786538,-0.08119726,True
10.29522,0.06826472,-0.09575737,True
10.30641,0.06660581,-0.09804088,True
10.31819,0.06157923,-0.1195226,True
10.32876,0.06933594,-0.1385672,True
10.33964,0.07694626,-0.1419345,True
10.35073,0.08192468,-0.136921,True
10.36201,0.08246231,-0.1414231,True
10.37304,0.08475661,-0.1419539,True
10.38406,0.082304,-0.1275083,True
10.3962,0.05581689,-0.102919,True
10.40653,0.05762362,-0.1179492,True
10.41746,0.06575155,-0.1241273,True
10.42886,0.07328129,-0.1357512,True
10.43949,0.07328701,-0.1373219,True
10.45061,0.07025242,-0.1326059,True
10.4621,0.06020021,-0.1456648,True
10.4729,0.05947948,-0.1482823,True
10.48412,0.05936933,-0.1465007,True
10.49516,0.05382776,-0.135918,True
10.50622,0.03643799,-0.121875,True
10.51724,0.01928902,-0.1065064,True
10.5285,0.02219367,-0.1056778,True
10.53967,0.02063489,-0.1033813,True
10.55066,0.02467728,-0.09995025,True
10.56172,0.01806521,-0.129464,True
10.57301,0.02535701,-0.1471531,True
10.58412,0.03181863,-0.1565961,True
10.5952,0.03203201,-0.1607867,True
10.60603,0.03224659,-0.1639336,True
10.61733,0.02798223,-0.1659146,True
10.62846,0.01277971,-0.1470197,True
10.63953,0.0176568,-0.137197,True
10.65057,0.01433134,-0.1359358,True
10.66167,0.01671958,-0.1345825,True
10.67295,0.01629519,-0.1246555,True
10.68442,0.01754093,-0.1247622,True
10.69572,0.007680416,-0.1259965,True
10.70678,0.0006220341,-0.1229537,True
10.71755,0.004463196,-0.1259897,True
10.72892,-0.0004150867,-0.11419,True
10.7402,-0.001036882,-0.1155466,True
10.7518,0.005394697,-0.1178489,True
10.76229,0.005497932,-0.1164925,True
10.77318,0.02127075,-0.1164172,True
10.7841,0.006536722,-0.1199391,True
10.79532,0.02545404,-0.1409793,True
10.80625,0.02555871,-0.1421294,True
10.81747,0.02878642,-0.1462186,True
10.82877,0.03159952,-0.1499949,True
10.83961,0.030128,-0.1390027,True
10.85109,0.03002501,-0.1398388,True
10.86188,0.02358484,-0.1426488,True
10.87275,0.02784443,-0.1411936,True
10.88394,0.02825809,-0.1393125,True
10.89522,0.02390456,-0.1495589,True
10.90626,0.02286649,-0.1514397,True
10.9172,0.01911783,-0.14536,True
10.9288,0.03592777,-0.1272015,True
10.93953,0.03561044,-0.1238576,True
10.95075,0.03362846,-0.1183199,True
10.96171,0.02770782,-0.1168479,True
10.97286,0.01909137,-0.1170392,True
10.98388,0.0196116,-0.1180845,True
10.99488,0.02169013,-0.1202798,True
11.00619,0.02023864,-0.1234105,True
11.01718,0.02086377,-0.1240382,True
11.02877,0.01546144,-0.1187033,True
11.03946,0.0179522,-0.1189167,True
11.05081,0.01701641,-0.1175586,True
11.06169,0.01307631,-0.1225597,True
11.07297,0.0123508,-0.1247528,True
11.08461,0.009235859,-0.1242222,True
11.09564,0.001246452,-0.134757,True
11.10695,0.001245737,-0.1354906,True
11.11732,0.004880428,-0.135916,True
11.12896,0.01048279,-0.1252709,True
11.13986,0.01172781,-0.1237058,True
11.15133,0.01131439,-0.1271518,True
11.16212,0.005920172,-0.1396804,True
11.17297,0.005919695,-0.1399937,True
11.1841,0.006441593,-0.1471095,True
11.19508,0.00727272,-0.1465895,True
11.20654,0.01413345,-0.1514194,True
11.21856,0.005920887,-0.1427139,True
11.22945,0.007065535,-0.1501448,True
11.23945,0.003531933,-0.148672,True
11.25064,0.0002081394,-0.1484556,True
11.26184,0.003324986,-0.1488811,True
11.27293,0.0004162788,-0.1514921,True
11.2841,0.00571537,-0.1502466,True
11.29505,0.01610708,-0.1489103,True
11.30618,0.01985073,-0.1504906,True
11.31714,0.02026701,-0.1502818,True
11.32845,0.00924921,-0.1502571,True
11.33945,0.0103929,-0.1528761,True
11.35055,0.008939505,-0.1558059,True
11.36201,-0.2249711,-0.2048734,True
11.37302,-0.3623624,-0.2033604,True
11.38428,-0.3818243,-0.215922,True
11.39528,-0.3961504,-0.220216,True
11.40638,-0.392596,-0.1851059,True
11.41754,-0.3808336,-0.1814618,True
11.42857,-0.363909,-0.207473,True
11.43989,-0.2925169,-0.2331222,True
11.45035,-0.298322,-0.2315567,True
11.46199,-0.2924597,-0.2270439,True
11.47325,-0.3123887,-0.2348245,True
11.48417,-0.3062463,-0.2341827,True
11.49492,-0.306788,-0.2376785,True
11.50617,-0.306355,-0.2379922,True
11.51704,-0.2983172,-0.2392715,True
11.52797,-0.2954504,-0.2353814,True
11.53914,-0.2984018,-0.242106,True
11.55659,-0.2948654,-0.2450653,True
11.56131,-0.3028865,-0.2366906,True
11.57238,-0.3099198,-0.2692542,True
11.58356,-0.6523368,-0.1344183,False
11.59455,-0.9952261,-0.3044378,False
11.60587,-1.258231,-0.3463563,False
11.61686,-1.424242,-0.5518552,False
11.62795,-1.95946,-1.378933,False
11.63909,-1.653042,-1.818828,False
11.65036,-1.841532,-1.752345,False
11.66116,-2.052725,-1.193569,False
11.67255,-1.8259,-1.510018,False
11.68353,-1.78889,-1.631201,False
11.69451,-0.9260871,-2.712957,False
11.70592,-1.215825,-2.637118,False
11.71666,-1.221048,-2.322011,False
11.72794,-1.077265,-2.159798,False
11.73898,-1.039866,-2.260283,False
11.75007,-1.060086,-2.108144,False
11.7613,-1.1289,-2.150651,False
11.77241,-1.097419,-2.064167,False
11.78333,-1.088712,-2.094047,False
11.79453,-1.110643,-2.099532,False
11.80554,-1.174912,-2.018969,False
11.81669,-1.193033,-2.065307,False
11.82808,-1.149193,-1.924698,False
11.83902,-1.117869,-1.984673,False
11.85007,-1.17498,-2.026255,False
11.86106,-1.14615,-2.045591,False
11.87217,-1.130661,-2.04282,False
11.88343,-1.124165,-2.053463,False
11.89443,-1.142315,-2.033144,False
11.90556,-1.116381,-2.064461,False
11.91665,-0.9211006,-1.969615,False
11.92773,-0.8477743,-2.027999,False
11.93886,-0.8421502,-2.028334,False
11.94997,-0.8195727,-2.02736,False
11.9611,-0.83991,-2.03201,False
11.97206,-0.8362694,-2.028257,False
11.98338,-0.8360782,-2.018003,False
11.99459,-0.8346949,-1.998773,False
12.00554,-0.8247385,-1.999099,False
12.01651,-0.8265195,-2.004118,False
12.0279,-0.8220742,-2.028679,False
12.03895,-0.8100736,-2.023216,False
12.04984,-0.8149815,-2.014502,False
12.0611,-0.7917874,-1.994351,False
12.07219,-0.8010175,-2.022431,False
12.08328,-0.7809014,-1.998636,False
12.09443,-0.784137,-2.005581,False
12.10562,-0.7918863,-2.023016,False
12.11703,-0.7952409,-2.062753,False
12.12776,-0.8079469,-2.063529,False
12.13907,-0.8102562,-2.062101,False
12.14997,-0.813134,-2.064075,False
12.16088,-0.507163,-1.735074,False
12.17216,-0.3250208,-1.248534,False
12.18319,-0.2097616,-0.7726694,False
12.1943,-0.0491848,-0.355213,True
12.2055,-0.05178356,-0.5145049,False
12.21669,-0.09720874,-0.494064,False
12.22772,-0.3581371,-0.3686053,False
12.23897,-0.3497267,-0.3971741,False
12.24978,-0.3387413,-0.4213954,False
12.26091,-0.3480253,-0.4664866,False
12.27203,-0.3203804,-0.3636247,True
12.28325,-0.2996442,-0.4042051,False
12.29448,-0.2771029,-0.4935944,False
12.30722,-0.2945051,-0.4486663,False
12.31792,-0.3126471,-0.4308246,False
12.32759,-0.1945524,-0.4149023,True
12.33872,-0.2465794,-0.4634237,False
12.34979,-0.245903,-0.4590669,False
12.36085,-0.2599051,-0.4372939,False
12.37193,-0.2575543,-0.432376,False
12.38307,-0.2506611,-0.4425293,False
12.39423,-0.2218165,-0.4562197,False
12.40536,-0.202744,-0.5092045,False
12.41644,-0.202054,-0.4965632,False
12.42805,-0.2124074,-0.4899747,False
12.43863,-0.2471659,-0.4765136,False
12.45004,-0.1555061,-0.4323617,True
12.46133,-0.3436282,-0.2801693,True
12.47201,-0.5802891,-0.3600447,False
12.48303,-0.7395096,-0.2853895,False
12.49413,-1.073848,-0.5170023,False
13.04944,0.5334077,-5.407814,False
13.06052,0.4811559,-5.483363,False
13.07191,0.4647992,-5.482628,False
13.36065,-0.06771064,-6.106158,False
13.37206,0.3064551,-5.748155,False
13.38304,0.5016439,-5.748277,False
13.39411,0.9047666,-5.261363,False
13.40494,0.7520664,-5.603574,False
13.41598,0.7311919,-5.666522,False
13.42719,0.8380287,-5.490075,False
13.43823,0.8396904,-5.451364,False
13.44916,0.8021309,-5.399981,False
13.46068,0.8302367,-5.281457,False
13.47156,0.8144207,-5.208699,False
13.4826,0.8065262,-5.123953,False
13.49382,0.8111606,-5.104966,False
13.50478,0.8140018,-5.088421,False
13.51602,0.8107646,-5.089425,False
13.52698,0.790983,-5.08073,False
13.53837,0.7940483,-5.130074,False
13.55055,0.7864227,-5.131528,False
13.56126,0.7862122,-5.06771,False
13.57148,0.7903636,-5.068729,False
13.58269,0.7826221,-5.075423,False
13.59368,0.774749,-5.057729,False
13.60472,0.7661803,-5.058581,False
13.61592,0.7598722,-5.055497,False
13.62695,0.7617655,-5.057838,False
13.63831,0.7640069,-5.06445,False
13.64916,0.7694864,-5.05093,False
13.66027,0.7651744,-5.035454,False
13.6714,0.7611225,-5.030784,False
13.68245,0.7565765,-5.035622,False
13.69384,0.7716956,-5.02916,False
13.70477,0.7690978,-5.026505,False
13.71589,0.7691202,-5.035145,False
13.72687,0.7687628,-5.033494,False
13.73805,0.7601082,-5.018503,False
13.74911,0.7622867,-5.029464,False
13.76018,0.7540061,-4.940376,False
13.77226,0.7594881,-4.938623,False
13.78234,0.7652106,-4.930503,False
13.79364,0.7718556,-4.941655,False
13.80459,0.7912493,-5.032345,False
13.8158,0.7873497,-5.0092,False
13.82683,0.7774985,-4.934845,False
13.83808,0.7694714,-4.937232,False
13.84925,0.7638502,-4.930546,False
13.86012,0.786134,-4.944517,False
13.87221,0.7999668,-4.933191,False
13.88237,0.8069284,-4.926022,False
13.89344,0.8030372,-4.889705,False
13.90454,0.794605,-4.886515,False
13.91568,0.7959146,-4.891051,False
13.92685,0.7982399,-4.872798,False
13.93792,0.7945652,-4.86411,False
13.94904,0.7976906,-4.869885,False
13.96014,0.8008037,-4.848509,False
13.97128,0.7999728,-4.842839,False
13.98249,0.8104527,-4.84958,False
13.9935,0.8126011,-4.862458,False
14.00471,0.8133628,-4.866619,False
14.0157,0.8123338,-4.865143,False
14.02681,0.8114843,-4.867025,False
14.0379,0.8144264,-4.879436,False
14.04891,0.8092775,-4.889797,False
14.0601,0.8175364,-4.863488,False
14.07128,0.8184166,-4.86219,False
14.08237,0.8241432,-4.881185,False
14.09338,0.8239262,-4.903064,False
14.10463,0.8226769,-4.876566,False
14.11557,0.8242774,-4.86568,False
14.12715,0.8164868,-4.851322,False
14.13785,0.8157547,-4.844936,False
14.14895,0.82165,-4.843866,False
14.16035,0.8297212,-4.876524,False
14.17115,0.8228693,-4.875042,False
14.18217,0.8314295,-4.880695,False
14.19332,0.8260963,-4.877063,False
14.20448,0.8244405,-4.879215,False
14.21552,0.8233006,-4.872801,False
14.22664,0.8260241,-4.893892,False
14.23785,0.8213432,-4.90801,False
14.24888,0.8265612,-4.906619,False
14.26011,0.8258727,-4.919409,False
14.27108,0.8208296,-4.921746,False
14.28227,0.8134391,-4.923053,False
14.2933,0.8154964,-4.905352,False
14.30436,0.8107114,-4.886027,False
14.3157,0.8064418,-4.882165,False
14.32657,0.8100986,-4.866353,False
14.33802,0.8141656,-4.861116,False
14.34888,0.8150914,-4.863577,False
14.35994,0.8132977,-4.847081,False
14.37116,0.8141448,-4.845068,False
14.3821,0.8177507,-4.846858,False
14.39337,0.8176019,-4.846634,False
14.40457,0.8242095,-4.841276,False
14.4155,0.8205311,-4.840515,False
14.42652,0.822726,-4.846275,False
14.43814,0.8177369,-4.846499,False
14.44875,0.8187659,-4.850921,False
14.46026,0.8040664,-4.840876,False
14.47122,0.8011596,-4.821004,False
14.48207,0.7996724,-4.820911,False
14.49325,0.8000014,-4.845968,False
14.50429,0.8012357,-4.846276,False
14.51547,0.8048887,-4.83053,False
14.52682,0.8053899,-4.850965,False
14.53769,0.8047938,-4.847257,False
14.54881,0.8024223,-4.861744,False
14.55989,0.7991211,-4.871363,False
14.57101,0.7959242,-4.88028,False
14.583,0.7943342,-4.889209,False
14.59313,0.7970614,-4.894868,False
14.60436,0.7937982,-4.902644,False
14.61543,0.7946391,-4.897965,False
14.62678,0.7950783,-4.909165,False
14.63939,0.7926116,-4.908894,False
14.64987,0.7932003,-4.904306,False
14.6599,0.7908573,-4.900708,False
14.67101,0.7893679,-4.898193,False
14.68213,0.7820458,-4.900791,False
14.69311,0.7824595,-4.903715,False
14.70423,0.7834914,-4.902636,False
14.71534,0.7844846,-4.897918,False
14.72657,0.7875652,-4.883865,False
14.73752,0.7709265,-4.892389,False
14.74865,0.764287,-4.897775,False
14.75975,0.7569962,-4.895344,False
14.77087,0.7572002,-4.89687,False
14.7822,0.7619424,-4.88274,False
14.79318,0.7555847,-4.880094,False
14.80432,0.757679,-4.873057,False
14.81537,0.7559621,-4.865404,False
14.82673,0.7660627,-4.864599,False
14.8376,0.7791243,-4.866436,False
14.84848,0.7815423,-4.87884,False
14.85976,0.7806432,-4.875126,False
14.87085,0.7773573,-4.863438,False
14.88204,0.7763548,-4.865226,False
14.89298,0.7901571,-4.867471,False
14.90414,0.7881846,-4.866485,False
14.91521,0.7904081,-4.864917,False
14.92631,0.7973285,-4.854764,False
14.93788,0.7887294,-4.87181,False
14.94854,0.7920225,-4.876576,False
14.9599,0.7924411,-4.886425,False
14.97089,0.7897353,-4.878443,False
14.98185,0.7888036,-4.876185,False
14.99299,0.7930267,-4.868588,False
15.00412,0.792892,-4.868585,False
15.01523,0.7921078,-4.863711,False
15.02632,0.786623,-4.843244,False
15.03776,0.7905121,-4.837352,False
15.0485,0.7837334,-4.847893,False
15.05975,0.780292,-4.854542,False
15.07073,0.7701859,-4.84533,False
15.08187,0.7616472,-4.851547,False
15.09306,0.7645619,-4.836511,False
15.10403,0.7665305,-4.827709,False
15.11516,0.7650268,-4.829426,False
15.12626,0.7677443,-4.807719,False
15.13815,0.7677717,-4.797202,False
15.14855,0.7720201,-4.800679,False
15.15953,0.7746937,-4.806518,False
15.17066,0.777709,-4.813046,False
15.18179,0.7724321,-4.815361,False
15.19299,0.7693169,-4.826087,False
15.20408,0.7892296,-4.852131,False
15.21507,0.7885756,-4.852488,False
15.22617,0.7850177,-4.810908,False
15.23729,0.7898467,-4.834681,False
15.24885,0.7924173,-4.88073,False
15.26091,0.8124235,-4.869306,False
15.27183,0.7994583,-4.856688,False
15.282,0.808249,-4.883068,False
15.29282,0.7918329,-4.843315,False
15.30417,0.7914729,-4.843152,False
15.31499,0.8007309,-4.846052,False
15.3262,0.7896557,-4.844448,False
15.33755,0.79005,-4.838737,False
15.34837,0.8010855,-4.829528,False
15.35947,0.7868507,-4.796302,False
15.37062,0.7992489,-4.78308,False
15.38165,0.7984214,-4.779981,False
15.39272,0.7859702,-4.789518,False
15.40429,0.7997668,-4.785519,False
15.41503,0.80145,-4.788002,False
15.42701,0.791656,-4.771273,False
15.43738,0.7889102,-4.776413,False
15.44838,0.7836313,-4.758419,False
15.45965,0.7819073,-4.737081,False
15.4706,0.785516,-4.744917,False
15.48168,0.7802331,-4.722078,False
15.49276,0.7791078,-4.715442,False
15.50385,0.778496,-4.719486,False
15.515,0.7849832,-4.725984,False
15.52604,0.7865138,-4.729989,False
15.53739,0.7928698,-4.728086,False
15.54827,0.8824129,-4.656757,False
15.55985,1.102459,-3.955918,False
15.57043,1.249221,-3.313052,False
15.58156,1.271853,-2.812531,False
15.59275,1.142614,-2.168952,False
15.60405,0.9645352,-1.092437,False
15.61513,0.7110562,-0.6053315,False
15.62596,0.5820248,-0.3740313,False
15.63726,0.3456135,-0.2276959,True
15.64822,0.3217926,-0.2440151,True
15.65925,0.2786252,-0.1377335,True
15.67045,0.2714291,-0.1447127,True
15.68165,0.2880151,-0.130571,True
15.69265,0.2581987,-0.1645569,True
15.70371,0.392642,-0.09778666,True
15.71506,0.4281487,0.03892267,True
15.72599,0.4335861,0.001182795,True
15.73707,0.4780931,0.01497436,True
15.74828,0.4354742,0.01421058,True
15.75954,0.3975058,-0.02860677,True
15.77044,0.4016342,-0.05804849,True
15.78152,0.3837466,-0.04025984,True
15.79259,0.4447441,0.004423499,True
15.80373,0.508451,0.03140175,False
15.81483,0.2753837,-0.05140519,True
15.82586,0.1490817,-0.08790898,True
15.837,0.2687635,-0.01718366,True
15.84824,0.2476034,-0.02332747,True
15.85926,0.266336,-0.04528022,True
15.8707,0.2469139,-0.05777729,True
15.88159,0.209851,-0.06156743,True
15.89252,0.1782515,-0.05539155,True
15.90384,0.1579862,-0.05044329,True
15.915,0.1540143,-0.05449271,True
15.92582,0.1520398,-0.05990028,True
15.9369,0.1563399,-0.06126678,True
15.95393,0.1569881,-0.06772661,True
15.95934,0.1569738,-0.06772053,True
15.97032,0.1243446,-0.0731318,True
15.98156,0.1298764,-0.06930161,True
15.99246,0.1361609,-0.07296503,True
16.00357,0.1379509,-0.07734394,True
16.01482,0.134275,-0.07150209,True
16.02605,0.1310298,-0.07107449,True
16.03703,0.1364086,-0.04727042,True
16.04855,0.1343076,-0.04331529,True
16.0591,0.141345,-0.05404353,True
16.07022,0.1436458,-0.0146451,True
16.08138,0.1438403,-0.009243131,True
16.09308,0.1431377,-0.02067065,True
16.1037,0.1465156,-0.03314817,True
16.11466,0.1438117,-0.03782332,True
16.12608,0.1437078,-0.03792703,True
16.13698,0.148834,-0.03710461,True
16.14812,0.1510618,-0.04709601,True
16.15904,0.1499901,-0.03866696,True
16.1702,0.1508386,-0.04210186,True
16.18162,0.1543989,-0.04127681,True
16.19386,0.1834226,-0.03060555,True
16.20454,-0.003119946,-0.1761292,True
16.2147,-0.3190632,-0.2135966,True
16.2258,-0.5972381,-0.3296937,False
16.23693,-1.482094,-0.7535253,False
16.24817,-1.709711,-0.9848555,False
16.25894,-2.029012,-1.145723,False
16.27023,-2.048545,-1.075387,False
16.28121,-2.058069,-1.140934,False
16.29243,-2.119193,-1.16049,False
16.30355,-1.944609,-1.081437,False
16.31452,-1.988531,-1.080467,False
16.32569,-1.991503,-1.076661,False
16.33699,-1.99033,-1.075199,False
16.34804,-2.00248,-1.085627,False
16.35894,-2.011031,-1.093549,False
16.3702,-2.015344,-1.094324,False
16.38145,-2.017836,-1.094061,False
16.3931,-2.02151,-1.089322,False
16.40377,-2.022445,-1.089386,False
16.41454,-2.021044,-1.09037,False
16.42563,-2.023322,-1.087377,False
16.43689,-2.021492,-1.091703,False
16.44819,-2.014593,-1.097273,False
16.45923,-1.970791,-1.132202,False
16.47018,-1.052292,-0.6129284,False
16.48158,-0.7965906,-0.3971773,False
16.4925,-0.3293808,-0.2682928,True
16.50347,-0.09717989,-0.295015,True
16.51441,-0.1667259,-0.2615606,True
16.52592,-0.1195662,-0.3179977,True
16.53672,-0.1240377,-0.2607846,True
16.54793,-0.1193237,-0.2879351,True
16.55884,-0.1134391,-0.2986742,True
16.57003,-0.1253293,-0.2855196,True
16.5812,-0.1168566,-0.2859309,True
16.59223,-0.1066759,-0.2847865,True
16.60329,-0.1004815,-0.2882934,True
16.61444,-0.09624743,-0.2880067,True
16.6259,-0.0913465,-0.2846565,True
16.63669,-0.08811975,-0.2884414,True
16.6481,-0.0886631,-0.2898644,True
16.65883,-0.0882616,-0.3012278,True
16.66992,-0.08045459,-0.2906897,True
16.68112,-0.08551359,-0.2908291,True
16.69213,-0.09117889,-0.2975422,True
16.70363,-0.0982585,-0.3135637,True
16.71442,-0.09860826,-0.3160971,True
16.72582,-0.08895063,-0.3157089,True
16.7368,-0.08145332,-0.3162148,True
16.74768,-0.08454132,-0.3084395,True
16.75879,-0.08319974,-0.3013104,True
16.77002,-0.08173299,-0.3022858,True
16.78109,-0.08062339,-0.2969199,True
16.79209,-0.08168316,-0.2974708,True
16.80352,-0.07745433,-0.2962441,True
16.81429,-0.07541132,-0.291971,True
16.82539,-0.07045436,-0.2911785,True
16.83684,-0.07410526,-0.2593167,True
16.84772,0.1388783,-0.3258487,True
16.85897,0.1281962,-0.2056794,True
16.86987,0.09605956,-0.1751359,True
16.88113,0.05611181,-0.1346681,True
16.89205,0.06736469,-0.1403434,True
16.90314,0.09477353,-0.1685086,True
16.91431,0.1037576,-0.185825,True
16.92542,0.114547,-0.2188424,True
16.93682,0.1187932,-0.2224098,True
16.94764,0.1205382,-0.218057,True
16.95895,0.114608,-0.2035149,True
16.96991,0.1102335,-0.1964574,True
16.98091,0.1094787,-0.2055848,True
16.99306,0.1147337,-0.2057469,True
17.00324,0.1147239,-0.2058337,True
17.0143,0.1158836,-0.2051214,True
17.02533,0.1140497,-0.2002141,True
17.03657,0.1213946,-0.1991216,True
17.04783,0.1187267,-0.205472,True
17.05884,0.1167243,-0.2050231,True
17.06979,0.116679,-0.2004528,True
17.08094,0.1164885,-0.2130047,True
17.09194,0.1053324,-0.2233217,True
17.10315,0.09979558,-0.2273127,True
17.11434,0.1038013,-0.2285297,True
17.12528,0.09451437,-0.2241584,True
17.13642,-0.04291129,-0.06913567,True
17.14796,-0.05976057,0.01108193,True
17.15866,-0.07188463,-0.004764676,True
17.1699,-0.07457781,0.001761079,True
17.18086,-0.07438087,0.009530663,True
17.19194,-0.05363703,-0.00227797,True
17.20323,-0.0229001,-0.06952906,True
17.21423,-0.02777481,-0.07482708,True
17.22523,-0.03160763,-0.06850111,True
17.23649,-0.0273602,-0.07337356,True
17.24752,-0.03244162,-0.07597339,True
17.25856,-0.02850199,-0.07742238,True
17.26995,-0.03658867,-0.07452571,True
17.28077,-0.03710938,-0.07639515,True
17.29213,-0.02362657,-0.07368088,True
17.30304,-0.02735853,-0.07202518,True
17.31417,-0.0326457,-0.06974757,True
17.32597,-0.03243828,-0.07068145,True
17.33705,-0.03554869,-0.06995833,True
17.34749,-0.0352366,-0.0680902,True
17.35859,-0.03088307,-0.06953788,True
17.36978,-0.02777171,-0.06911898,True
17.38074,-0.02870607,-0.07088506,True
17.39185,-0.02704883,-0.074826,True
17.40295,-0.02435398,-0.07565355,True
17.41406,-0.02704787,-0.07223165,True
17.42541,-0.02642965,-0.0800153,True
17.4362,-0.0182426,-0.08820522,True
17.44742,-0.01907039,-0.08571529,True
17.45841,-0.02270174,-0.08987379,True
17.47021,-0.01906967,-0.08530021,True
17.48077,-0.02197194,-0.07990491,True
17.49195,-0.02912092,-0.07119715,True
17.50285,-0.02196598,-0.06631196,True
17.51396,0.0001037121,-0.07075,True
17.52521,0.1174524,-0.07425165,True
17.53614,0.1221278,0.01992202,True
17.54742,0.1168551,0.04535145,True
17.55846,0.1124997,0.06029737,True
17.56956,0.1115229,0.04004449,True
17.58085,0.115962,0.01410627,True
17.59185,0.1339965,-0.04404211,True
17.60291,0.1337485,-0.069628,True
17.61403,0.1331985,-0.05953443,True
17.62503,0.1330898,-0.05838895,True
17.6362,0.1290348,-0.06721854,True
17.64747,0.127038,-0.06274033,True
17.65837,0.1273789,-0.07397521,True
17.66954,0.1191175,-0.07165706,True
17.68059,0.1215281,-0.07489061,True
17.69169,0.1210077,-0.07540941,True
17.70288,0.1228988,-0.07957721,True
17.7139,0.1197655,-0.08122897,True
17.725,0.120703,-0.07988012,True
17.7364,0.1175518,-0.07206821,True
17.7473,0.1204722,-0.07031024,True
17.75834,0.1146007,-0.05968761,True
17.76976,0.1166782,-0.05501688,True
17.78051,0.1161687,-0.06052387,True
17.79164,0.1150177,-0.05968893,True
17.80281,0.1240299,-0.07250679,True
17.81382,0.1163049,-0.07435143,True
17.82493,0.1074579,-0.08679664,True
17.83615,0.03381062,-0.1661408,True
17.84729,0.01378417,-0.08560491,True
17.85835,0.03140974,-0.08355081,True
17.86945,-0.0006222725,-0.1173189,True
17.88049,-0.001454592,-0.1511801,True
17.89193,-0.0418973,-0.1508536,True
17.90279,-0.08306265,-0.1612334,True
17.91385,-0.08021212,-0.1523108,True
17.92496,-0.1133573,-0.1598262,True
17.936,-0.1204586,-0.1382627,True
17.94718,-0.09110737,-0.1179096,True
17.95823,-0.08563066,-0.1015105,True
17.97,-0.08873439,-0.09672612,True
17.98044,-0.09809422,-0.09892541,True
17.99167,-0.1034131,-0.09894919,True
18.00272,-0.2116935,-0.1042799,True
18.01375,-0.2230656,-0.1308026,True
18.0249,-0.268368,-0.1363923,True
18.03604,-0.2665749,-0.1146963,True
18.04739,-0.3139729,-0.1414362,True
18.05818,-0.3225179,-0.1007078,True
18.06956,-0.3274381,-0.06844521,True
18.08049,-0.349684,-0.06970406,True
18.0915,-0.3317881,-0.07483506,True
18.10269,-0.3025184,-0.06939071,True
18.11386,-0.3270032,-0.03916013,True
18.12481,-0.248292,-0.1115639,True
18.13593,-0.1755571,-0.1909467,True
18.14713,-0.1264699,-0.192055,True
