417.2714
0,(2.8, 0.0, -0.7),True,0.6337318,0.6337318,False
1,(2.8, 0.0, 2.1),True,2.327354,0.7390556,False
2,(0.7, 0.0, -1.4),True,4.175861,0.4665298,False
3,(0.7, 0.0, -3.5),True,7.042046,0.500679,False
4,(0.7, 0.0, -1.4),True,9.551441,0.4223022,False
5,(3.5, 0.0, 0.7),False,0,0,False
6,(1.4, 0.0, 3.5),False,0,0,False
7,(2.8, 0.0, 0.7),True,15.67055,0.4553528,True
8,(0.7, 0.0, 1.4),True,18.51399,0.4668465,True
9,(0.7, 0.0, 2.8),True,20.28262,0.4361115,True
10,(-0.7, 0.0, 0.7),True,21.81202,0.4771042,True
11,(-0.7, 0.0, 3.5),False,0,0,False
12,(-0.7, 0.0, -3.5),True,25.62208,0.411499,True
13,(-0.7, 0.0, 0.7),True,28.06413,0.4769211,True
14,(1.4, 0.0, -0.7),True,31.27436,0.4330215,True
15,(-1.4, 0.0, -2.1),True,33.52875,0.4327087,True
16,(0.7, 0.0, 2.8),True,35.93887,0.4547501,True
17,(-0.7, 0.0, -0.7),True,38.58211,0.4664536,True
18,(-2.1, 0.0, -1.4),True,41.20308,0.4442368,True
19,(-1.4, 0.0, -0.7),True,43.11395,0.5668259,True
20,(3.5, 0.0, -0.7),False,0,0,False
21,(-2.1, 0.0, -2.8),True,47.21133,0.5330658,True
22,(-2.1, 0.0, 2.8),True,50.28788,0.5109024,True
23,(-1.4, 0.0, 3.5),False,0,0,False
24,(-1.4, 0.0, -2.1),True,53.6417,0.4219894,False
25,(-2.1, 0.0, 2.8),False,0,0,False
26,(2.1, 0.0, 2.8),True,57.87313,0.6664963,True
27,(2.1, 0.0, -1.4),True,59.10601,0.4776611,True
28,(-1.4, 0.0, -3.5),True,62.09348,0.4222565,True
29,(1.4, 0.0, 0.7),True,65.15857,0.3887177,True
30,(2.1, 0.0, -2.8),True,68.51277,0.5996628,True
31,(3.5, 0.0, -1.4),False,0,0,False
32,(-1.4, 0.0, -2.1),True,73.19937,0.4331436,True
33,(-2.1, 0.0, 1.4),True,76.28664,0.4883041,True
34,(3.5, 0.0, 0.7),False,0,0,False
35,(2.8, 0.0, -0.7),True,81.37329,0.455246,False
36,(-2.8, 0.0, -2.1),True,83.88362,0.6334991,True
37,(0.7, 0.0, -2.8),True,85.94897,0.4553223,False
38,(2.8, 0.0, -0.7),True,88.24794,0.4887848,True
39,(-1.4, 0.0, 3.5),False,0,0,False
40,(0.7, 0.0, 0.7),True,91.84663,0.48909,True
41,(-3.5, 0.0, 1.4),False,0,0,False
42,(3.5, 0.0, 1.4),False,0,0,False
43,(-2.8, 0.0, 2.1),True,99.25407,0.4221802,True
44,(-3.5, 0.0, 0.7),True,100.8088,0.4887695,True
45,(1.4, 0.0, -0.7),True,102.7966,0.4663849,True
46,(-0.7, 0.0, 2.8),True,104.8178,0.5997314,True
47,(2.1, 0.0, 2.8),True,107.8499,0.54422,True
48,(3.5, 0.0, -1.4),False,0,0,False
49,(0.7, 0.0, -2.8),True,111.9035,0.4218597,True
50,(-1.4, 0.0, -0.7),True,113.8582,0.466507,True
51,(1.4, 0.0, -2.1),True,116.7238,0.6334534,False
52,(-3.5, 0.0, -1.4),True,118.3564,0.5000916,False
53,(2.8, 0.0, 0.7),True,120.3217,0.4773102,True
54,(-1.4, 0.0, 2.1),True,122.5763,0.421814,True
55,(2.8, 0.0, -2.1),True,125.5196,0.4999084,True
56,(1.4, 0.0, -2.1),True,128.407,0.5219116,True
57,(-1.4, 0.0, 3.5),False,0,0,False
58,(0.7, 0.0, -3.5),True,133.3603,0.5662994,False
59,(-2.1, 0.0, 1.4),True,136.0703,0.4779053,True
60,(-0.7, 0.0, 1.4),True,138.5133,0.5552216,False
61,(0.7, 0.0, -0.7),True,140.8011,0.5551758,False
62,(-3.5, 0.0, -0.7),True,143.9219,0.4883881,False
63,(3.5, 0.0, 1.4),False,0,0,False
64,(2.1, 0.0, 1.4),True,148.6752,0.6438751,True
65,(-2.1, 0.0, 2.8),True,151.8183,0.7553101,True
66,(2.8, 0.0, 0.7),True,153.7285,0.5774384,True
67,(0.7, 0.0, -1.4),True,156.5161,0.4109802,True
68,(3.5, 0.0, 1.4),False,0,0,False
69,(-0.7, 0.0, 2.8),True,161.7025,0.6547394,True
70,(-1.4, 0.0, 0.7),True,163.9237,0.5326843,True
71,(2.8, 0.0, 2.1),True,166.1785,0.6664276,True
72,(0.7, 0.0, 3.5),False,0,0,False
73,(-2.1, 0.0, 1.4),True,170.0764,0.5330811,False
74,(-1.4, 0.0, 0.7),True,171.6311,0.6439667,False
75,(0.7, 0.0, 1.4),True,174.5522,0.4444275,False
76,(-2.8, 0.0, -2.1),True,177.3063,0.4440613,True
77,(2.1, 0.0, 1.4),True,180.2938,0.4552307,False
78,(1.4, 0.0, 0.7),True,182.9703,0.5106964,False
79,(-0.7, 0.0, -1.4),True,185.5136,0.5553589,True
80,(1.4, 0.0, 3.5),False,0,0,False
81,(-2.1, 0.0, -1.4),True,189.1453,0.4443207,False
82,(1.4, 0.0, -2.1),True,191.744,0.5441895,True
83,(-0.7, 0.0, -0.7),True,193.6544,0.532959,True
84,(-0.7, 0.0, 1.4),True,195.8532,0.5330811,True
85,(2.1, 0.0, 1.4),True,198.9517,0.4662628,True
86,(-2.8, 0.0, -0.7),True,201.6505,0.410675,True
87,(0.7, 0.0, -3.5),True,204.7602,0.5328522,True
88,(-3.5, 0.0, 1.4),True,207.862,0.669281,True
89,(-0.7, 0.0, -2.8),True,210.025,0.4888,True
90,(0.7, 0.0, -0.7),True,212.5794,0.6223755,True
91,(3.5, 0.0, -0.7),False,0,0,False
92,(-2.1, 0.0, -2.8),True,216.7435,0.5219421,False
93,(-3.5, 0.0, -1.4),True,220.0421,0.5998535,True
94,(2.8, 0.0, -2.1),True,223.0851,0.4775085,True
95,(1.4, 0.0, -3.5),True,224.7624,0.6556396,True
96,(0.7, 0.0, 3.5),False,0,0,False
97,(1.4, 0.0, -0.7),True,230.5593,0.4219971,True
98,(-2.8, 0.0, -0.7),True,233.8356,0.3998108,True
99,(1.4, 0.0, 0.7),True,236.8009,0.5109558,True
100,(-3.5, 0.0, 0.7),True,238.6779,0.5660706,True
101,(-0.7, 0.0, 2.8),True,240.7546,0.5218506,True
102,(2.1, 0.0, -2.8),True,243.4758,0.433197,True
103,(3.5, 0.0, -0.7),False,0,0,False
104,(-3.5, 0.0, -1.4),True,248.8176,0.433136,True
105,(3.5, 0.0, -1.4),False,0,0,False
106,(-0.7, 0.0, -3.5),True,252.9044,0.4330139,True
107,(2.1, 0.0, -1.4),True,255.3595,0.5224609,True
108,(-2.8, 0.0, 0.7),True,256.9693,0.4552917,True
109,(-0.7, 0.0, 3.5),False,0,0,False
110,(-1.4, 0.0, -3.5),True,262.5891,0.5665588,True
111,(0.7, 0.0, 2.8),True,265.6653,0.4774475,True
112,(-0.7, 0.0, -0.7),True,267.0313,0.4997559,True
113,(-2.8, 0.0, -0.7),True,270.0966,0.4887695,True
114,(2.8, 0.0, 2.1),True,272.873,0.7107544,True
115,(1.4, 0.0, 2.1),True,275.1498,0.4109802,True
116,(-0.7, 0.0, 1.4),True,277.6374,0.4441528,True
117,(-2.8, 0.0, 2.1),True,280.3806,0.4664307,True
118,(2.1, 0.0, -2.8),True,283.5679,0.4996033,True
119,(-0.7, 0.0, -2.8),True,286.4004,0.4106445,False
120,(-1.4, 0.0, -0.7),True,288.0107,0.4778442,False
121,(2.1, 0.0, -1.4),True,290.4648,0.4550171,False
122,(-0.7, 0.0, 0.7),True,293.4078,0.4108887,False
123,(0.7, 0.0, 3.5),False,0,0,False
124,(0.7, 0.0, -2.8),True,296.6841,0.4885559,False
125,(-0.7, 0.0, -2.8),True,299.0389,0.5667114,False
126,(-0.7, 0.0, -3.5),True,300.4719,0.578186,False
127,(-0.7, 0.0, -1.4),True,303.5255,0.3776855,True
128,(0.7, 0.0, 0.7),True,305.5133,0.4441833,True
129,(-1.4, 0.0, 0.7),True,308.2898,0.4996948,False
130,(-3.5, 0.0, 0.7),True,310.3888,0.6329651,False
131,(1.4, 0.0, -3.5),True,311.9548,0.6220093,False
132,(3.5, 0.0, 0.7),False,0,0,False
133,(0.7, 0.0, 0.7),True,317.7631,0.4216003,True
134,(-3.5, 0.0, 1.4),False,0,0,False
135,(1.4, 0.0, 3.5),False,0,0,False
136,(0.7, 0.0, 1.4),True,324.76,0.4333191,True
137,(-2.8, 0.0, 0.7),True,328.0589,0.6001892,True
138,(-1.4, 0.0, 2.1),True,331.0686,0.6445618,True
139,(-1.4, 0.0, -3.5),True,333.6335,0.5663452,True
140,(2.1, 0.0, 2.8),False,0,0,False
141,(-2.8, 0.0, 2.1),True,338.4202,0.6401672,True
142,(-0.7, 0.0, 3.5),False,0,0,False
143,(1.4, 0.0, 2.1),True,342.2517,0.4882507,True
144,(-2.8, 0.0, 0.7),True,344.8173,0.5441895,False
145,(-2.1, 0.0, -1.4),True,347.9159,0.5107727,True
146,(1.4, 0.0, 2.1),True,350.5591,0.5108948,True
147,(-3.5, 0.0, -0.7),True,352.5249,0.5553894,True
148,(-1.4, 0.0, 2.1),True,355.4016,0.5556335,True
149,(-2.8, 0.0, -2.1),True,358.1223,0.433136,True
150,(-0.7, 0.0, -1.4),True,360.6437,0.4891052,True
151,(1.4, 0.0, -3.5),True,362.454,0.6446228,True
152,(2.8, 0.0, -2.1),True,364.2861,0.6662903,False
153,(0.7, 0.0, -0.7),True,366.2187,0.4223022,True
154,(-3.5, 0.0, -0.7),True,368.7061,0.5438843,True
155,(-2.1, 0.0, -2.8),True,371.2384,0.4998169,True
