395.8605
0,(2.8, 0.0, -0.7),True,0.5766411,0.5766411,True
1,(2.8, 0.0, 2.1),True,1.954491,0.4553261,True
2,(0.7, 0.0, -1.4),True,4.442146,0.5107498,True
3,(0.7, 0.0, -3.5),True,7.37413,0.4662971,False
4,(0.7, 0.0, -1.4),True,9.317711,0.4442215,True
5,(3.5, 0.0, 0.7),True,10.82869,0.4226265,True
6,(1.4, 0.0, 3.5),True,13.13841,0.3886299,True
7,(2.8, 0.0, 0.7),True,16.26998,0.3107185,True
8,(0.7, 0.0, 1.4),True,18.0582,0.4554367,True
9,(0.7, 0.0, 2.8),True,20.32374,0.4328117,True
10,(-0.7, 0.0, 0.7),True,23.50068,0.3115807,True
11,(-0.7, 0.0, 3.5),True,26.45442,0.5220985,True
12,(-0.7, 0.0, -3.5),False,0,0,False
13,(-0.7, 0.0, 0.7),True,31.49662,0.5110855,False
14,(1.4, 0.0, -0.7),True,33.39546,0.4901047,True
15,(-1.4, 0.0, -2.1),True,35.94976,0.5219193,True
16,(0.7, 0.0, 2.8),True,38.63747,0.6324692,False
17,(-0.7, 0.0, -0.7),True,40.30326,0.599678,True
18,(-2.1, 0.0, -1.4),False,0,0,False
19,(-1.4, 0.0, -0.7),True,43.85721,0.5996323,True
20,(3.5, 0.0, -0.7),True,45.32309,0.3326035,True
21,(-2.1, 0.0, -2.8),True,47.40007,0.3666077,True
22,(-2.1, 0.0, 2.8),True,49.91003,0.4998093,True
23,(-1.4, 0.0, 3.5),True,52.23101,0.6328201,True
24,(-1.4, 0.0, -2.1),True,53.7415,0.5109024,True
25,(-2.1, 0.0, 2.8),True,56.5291,0.4220428,True
26,(2.1, 0.0, 2.8),True,58.27269,0.4664154,True
27,(2.1, 0.0, -1.4),True,59.65968,0.5092392,True
28,(-1.4, 0.0, -3.5),False,0,0,False
29,(1.4, 0.0, 0.7),True,63.4375,0.4557724,True
30,(2.1, 0.0, -2.8),True,65.56924,0.4329987,True
31,(3.5, 0.0, -1.4),True,67.72385,0.3887405,True
32,(-1.4, 0.0, -2.1),True,69.48975,0.5108719,True
33,(-2.1, 0.0, 1.4),True,71.57777,0.510849,True
34,(3.5, 0.0, 0.7),True,74.92047,0.7439804,True
35,(2.8, 0.0, -0.7),True,77.45314,0.5779953,True
36,(-2.8, 0.0, -2.1),False,0,0,False
37,(0.7, 0.0, -2.8),True,82.47273,0.4888382,True
38,(2.8, 0.0, -0.7),True,84.11641,0.4665604,True
39,(-1.4, 0.0, 3.5),True,86.00433,0.5332794,True
40,(0.7, 0.0, 0.7),True,87.74794,0.5107727,True
41,(-3.5, 0.0, 1.4),False,0,0,False
42,(3.5, 0.0, 1.4),True,92.43465,0.5885315,True
43,(-2.8, 0.0, 2.1),True,93.88937,0.4997406,True
44,(-3.5, 0.0, 0.7),False,0,0,False
45,(1.4, 0.0, -0.7),True,98.99857,0.3669128,True
46,(-0.7, 0.0, 2.8),True,100.9308,0.5110321,True
47,(2.1, 0.0, 2.8),True,103.4072,0.499649,True
48,(3.5, 0.0, -1.4),True,105.1732,0.7886047,True
49,(0.7, 0.0, -2.8),True,106.5393,0.5443573,True
50,(-1.4, 0.0, -0.7),True,107.8607,0.3553467,True
51,(1.4, 0.0, -2.1),True,110.2485,0.374176,True
52,(-3.5, 0.0, -1.4),False,0,0,False
53,(2.8, 0.0, 0.7),True,114.8465,0.3221436,True
54,(-1.4, 0.0, 2.1),True,116.6012,0.4776611,True
55,(2.8, 0.0, -2.1),True,119.3665,0.4888,True
56,(1.4, 0.0, -2.1),True,121.5321,0.4108582,True
57,(-1.4, 0.0, 3.5),True,123.165,0.6109772,True
58,(0.7, 0.0, -3.5),True,124.6196,0.4108734,True
59,(-2.1, 0.0, 1.4),True,126.1078,0.4443054,True
60,(-0.7, 0.0, 1.4),True,128.0958,0.3554077,True
61,(0.7, 0.0, -0.7),True,129.8728,0.3665924,True
62,(-3.5, 0.0, -0.7),False,0,0,False
63,(3.5, 0.0, 1.4),True,136.1142,0.4107056,True
64,(2.1, 0.0, 1.4),True,138.5245,0.477829,True
65,(-2.1, 0.0, 2.8),True,141.6674,0.6206665,True
66,(2.8, 0.0, 0.7),True,144.2106,0.3554077,True
67,(0.7, 0.0, -1.4),True,146.7538,0.4108887,True
68,(3.5, 0.0, 1.4),True,149.9745,0.388382,True
69,(-0.7, 0.0, 2.8),True,152.5399,0.4218903,True
70,(-1.4, 0.0, 0.7),True,154.4948,0.3998566,True
71,(2.8, 0.0, 2.1),True,157.6375,0.3996277,True
72,(0.7, 0.0, 3.5),True,160.3253,0.6999207,True
73,(-2.1, 0.0, 1.4),True,161.8581,0.6222229,True
74,(-1.4, 0.0, 0.7),True,163.657,0.366394,True
75,(0.7, 0.0, 1.4),True,166.4779,0.3887634,True
76,(-2.8, 0.0, -2.1),True,169.2323,0.5330963,True
77,(2.1, 0.0, 1.4),True,171.1427,0.3999176,True
78,(1.4, 0.0, 0.7),True,173.6969,0.2994232,True
79,(-0.7, 0.0, -1.4),True,176.6954,0.3108215,False
80,(1.4, 0.0, 3.5),True,180.1272,0.4621429,True
81,(-2.1, 0.0, -1.4),True,182.9592,0.4885254,True
82,(1.4, 0.0, -2.1),True,185.6136,0.7218933,True
83,(-0.7, 0.0, -0.7),True,188.3455,0.3109436,True
84,(-0.7, 0.0, 1.4),True,191.6776,0.3331451,True
85,(2.1, 0.0, 1.4),True,194.9981,0.4109802,True
86,(-2.8, 0.0, -0.7),True,197.3525,0.4331055,True
87,(0.7, 0.0, -3.5),True,199.9401,0.4220581,True
88,(-3.5, 0.0, 1.4),False,0,0,False
89,(-0.7, 0.0, -2.8),True,205.5709,0.4662781,True
90,(0.7, 0.0, -0.7),True,206.9925,0.4555054,True
91,(3.5, 0.0, -0.7),True,208.2919,0.3887482,True
92,(-2.1, 0.0, -2.8),True,209.8688,0.3553772,True
93,(-3.5, 0.0, -1.4),False,0,0,False
94,(2.8, 0.0, -2.1),True,216.1991,0.4217987,True
95,(1.4, 0.0, -3.5),True,218.2856,0.5978088,True
96,(0.7, 0.0, 3.5),True,221.2413,0.4998169,True
97,(1.4, 0.0, -0.7),True,222.7074,0.4665527,True
98,(-2.8, 0.0, -0.7),True,224.3399,0.6107483,True
99,(1.4, 0.0, 0.7),True,227.0949,0.3229065,True
100,(-3.5, 0.0, 0.7),False,0,0,False
101,(-0.7, 0.0, 2.8),True,232.8247,0.3775635,True
102,(2.1, 0.0, -2.8),True,235.2792,0.477417,True
103,(3.5, 0.0, -0.7),True,237.2673,0.4997864,True
104,(-3.5, 0.0, -1.4),False,0,0,False
105,(3.5, 0.0, -1.4),True,243.2089,0.4441833,True
106,(-0.7, 0.0, -3.5),False,0,0,False
107,(2.1, 0.0, -1.4),True,247.7734,0.3887329,True
108,(-2.8, 0.0, 0.7),True,251.0721,0.3777466,True
109,(-0.7, 0.0, 3.5),True,254.3037,0.5552368,True
110,(-1.4, 0.0, -3.5),True,256.2254,0.5445251,True
111,(0.7, 0.0, 2.8),True,257.8242,0.7550964,True
112,(-0.7, 0.0, -0.7),True,259.5346,0.5883789,True
113,(-2.8, 0.0, -0.7),False,0,0,False
114,(2.8, 0.0, 2.1),True,263.7108,0.3334656,True
115,(1.4, 0.0, 2.1),True,266.0983,0.3774109,True
116,(-0.7, 0.0, 1.4),True,269.0413,0.3109131,True
117,(-2.8, 0.0, 2.1),True,272.4063,0.4885559,True
118,(2.1, 0.0, -2.8),True,275.4271,0.4438477,True
119,(-0.7, 0.0, -2.8),False,0,0,False
120,(-1.4, 0.0, -0.7),True,279.0699,0.377655,True
121,(2.1, 0.0, -1.4),True,282.3462,0.4664001,True
122,(-0.7, 0.0, 0.7),True,284.7124,0.6114502,True
123,(0.7, 0.0, 3.5),True,287.1884,0.6552124,True
124,(0.7, 0.0, -2.8),True,289.0096,0.421875,True
125,(-0.7, 0.0, -2.8),False,0,0,False
126,(-0.7, 0.0, -3.5),False,0,0,False
127,(-0.7, 0.0, -1.4),True,297.8724,0.4554749,True
128,(0.7, 0.0, 0.7),True,299.7714,0.488678,True
129,(-1.4, 0.0, 0.7),True,301.626,0.4663086,True
130,(-3.5, 0.0, 0.7),False,0,0,False
131,(1.4, 0.0, -3.5),True,304.9801,0.3887634,True
132,(3.5, 0.0, 0.7),True,306.6683,0.4555664,True
133,(0.7, 0.0, 0.7),True,309.3336,0.5216064,True
134,(-3.5, 0.0, 1.4),False,0,0,False
135,(1.4, 0.0, 3.5),True,313.5317,0.54422,True
136,(0.7, 0.0, 1.4),True,316.7524,0.6328735,True
137,(-2.8, 0.0, 0.7),True,319.2291,0.6554565,True
138,(-1.4, 0.0, 2.1),True,321.961,0.3664246,True
139,(-1.4, 0.0, -3.5),True,324.5822,0.5552979,True
140,(2.1, 0.0, 2.8),True,327.0366,0.488678,True
141,(-2.8, 0.0, 2.1),True,329.1025,0.5778198,True
142,(-0.7, 0.0, 3.5),True,331.7678,0.4888,True
143,(1.4, 0.0, 2.1),True,334.1331,0.4552917,True
144,(-2.8, 0.0, 0.7),True,335.8214,0.4441528,True
145,(-2.1, 0.0, -1.4),True,338.2314,0.3776855,True
146,(1.4, 0.0, 2.1),True,339.8752,0.388855,True
147,(-3.5, 0.0, -0.7),False,0,0,False
148,(-1.4, 0.0, 2.1),True,344.0624,0.4002075,True
149,(-2.8, 0.0, -2.1),True,345.8389,0.6996155,True
150,(-0.7, 0.0, -1.4),True,347.9936,0.377655,True
151,(1.4, 0.0, -3.5),True,350.1146,0.377594,True
152,(2.8, 0.0, -2.1),True,353.3687,0.3664246,True
153,(0.7, 0.0, -0.7),True,355.0457,0.4666138,True
154,(-3.5, 0.0, -0.7),False,0,0,False
155,(-2.1, 0.0, -2.8),True,359.177,0.4773865,True
