624.0296
0,(2.8, 0.0, -0.7),False,0,0,False
1,(2.8, 0.0, 2.1),False,0,0,False
2,(0.7, 0.0, -1.4),False,0,0,False
3,(0.7, 0.0, -3.5),False,0,0,False
4,(0.7, 0.0, -1.4),False,0,0,False
5,(3.5, 0.0, 0.7),False,0,0,False
6,(1.4, 0.0, 3.5),False,0,0,False
7,(2.8, 0.0, 0.7),False,0,0,False
8,(0.7, 0.0, 1.4),False,0,0,False
9,(0.7, 0.0, 2.8),False,0,0,False
10,(-0.7, 0.0, 0.7),True,26.96533,0.6441345,True
11,(-0.7, 0.0, 3.5),False,0,0,False
12,(-0.7, 0.0, -3.5),True,30.66354,0.5551147,True
13,(-0.7, 0.0, 0.7),True,32.09656,0.3441772,True
14,(1.4, 0.0, -0.7),False,0,0,False
15,(-1.4, 0.0, -2.1),True,38.3378,0.4331665,True
16,(0.7, 0.0, 2.8),False,0,0,False
17,(-0.7, 0.0, -0.7),True,41.53625,0.3663635,True
18,(-2.1, 0.0, -1.4),True,43.27997,0.4888,True
19,(-1.4, 0.0, -0.7),True,45.59003,0.2886353,True
20,(3.5, 0.0, -0.7),False,0,0,False
21,(-2.1, 0.0, -2.8),True,51.90918,0.4885254,True
22,(-2.1, 0.0, 2.8),False,0,0,False
23,(-1.4, 0.0, 3.5),False,0,0,False
24,(-1.4, 0.0, -2.1),True,59.23907,0.4441223,True
25,(-2.1, 0.0, 2.8),False,0,0,False
26,(2.1, 0.0, 2.8),False,0,0,False
27,(2.1, 0.0, -1.4),False,0,0,False
28,(-1.4, 0.0, -3.5),True,68.11115,0.442627,True
29,(1.4, 0.0, 0.7),True,71.3894,0.4667053,True
30,(2.1, 0.0, -2.8),False,0,0,False
31,(3.5, 0.0, -1.4),False,0,0,False
32,(-1.4, 0.0, -2.1),True,77.46405,0.4665222,True
33,(-2.1, 0.0, 1.4),True,79.85178,0.5553284,True
34,(3.5, 0.0, 0.7),False,0,0,False
35,(2.8, 0.0, -0.7),False,0,0,False
36,(-2.8, 0.0, -2.1),True,86.02737,0.7115479,True
37,(0.7, 0.0, -2.8),False,0,0,False
38,(2.8, 0.0, -0.7),False,0,0,False
39,(-1.4, 0.0, 3.5),False,0,0,False
40,(0.7, 0.0, 0.7),False,0,0,False
41,(-3.5, 0.0, 1.4),False,0,0,False
42,(3.5, 0.0, 1.4),False,0,0,False
43,(-2.8, 0.0, 2.1),False,0,0,False
44,(-3.5, 0.0, 0.7),True,107.339,0.5881958,True
45,(1.4, 0.0, -0.7),False,0,0,False
46,(-0.7, 0.0, 2.8),False,0,0,False
47,(2.1, 0.0, 2.8),False,0,0,False
48,(3.5, 0.0, -1.4),False,0,0,False
49,(0.7, 0.0, -2.8),False,0,0,False
50,(-1.4, 0.0, -0.7),True,122.1321,0.5220337,True
51,(1.4, 0.0, -2.1),False,0,0,False
52,(-3.5, 0.0, -1.4),False,0,0,False
53,(2.8, 0.0, 0.7),False,0,0,False
54,(-1.4, 0.0, 2.1),False,0,0,False
55,(2.8, 0.0, -2.1),False,0,0,False
56,(1.4, 0.0, -2.1),False,0,0,False
57,(-1.4, 0.0, 3.5),False,0,0,False
58,(0.7, 0.0, -3.5),False,0,0,False
59,(-2.1, 0.0, 1.4),True,142.9114,0.6773682,True
60,(-0.7, 0.0, 1.4),True,145.0547,0.5773926,True
61,(0.7, 0.0, -0.7),False,0,0,False
62,(-3.5, 0.0, -0.7),False,0,0,False
63,(3.5, 0.0, 1.4),False,0,0,False
64,(2.1, 0.0, 1.4),False,0,0,False
65,(-2.1, 0.0, 2.8),False,0,0,False
66,(2.8, 0.0, 0.7),False,0,0,False
67,(0.7, 0.0, -1.4),False,0,0,False
68,(3.5, 0.0, 1.4),False,0,0,False
69,(-0.7, 0.0, 2.8),False,0,0,False
70,(-1.4, 0.0, 0.7),True,170.9429,0.4332275,True
71,(2.8, 0.0, 2.1),False,0,0,False
72,(0.7, 0.0, 3.5),False,0,0,False
73,(-2.1, 0.0, 1.4),True,177.462,0.5219727,True
74,(-1.4, 0.0, 0.7),True,179.3611,0.3774719,True
75,(0.7, 0.0, 1.4),False,0,0,False
76,(-2.8, 0.0, -2.1),True,185.4582,0.4441528,True
77,(2.1, 0.0, 1.4),False,0,0,False
78,(1.4, 0.0, 0.7),False,0,0,False
79,(-0.7, 0.0, -1.4),True,192.7217,0.3777161,True
80,(1.4, 0.0, 3.5),False,0,0,False
81,(-2.1, 0.0, -1.4),True,197.7638,0.3887329,True
82,(1.4, 0.0, -2.1),False,0,0,False
83,(-0.7, 0.0, -0.7),True,200.7401,0.3886719,False
84,(-0.7, 0.0, 1.4),True,202.1616,0.4442749,True
85,(2.1, 0.0, 1.4),False,0,0,False
86,(-2.8, 0.0, -0.7),True,206.2378,0.3999329,True
87,(0.7, 0.0, -3.5),False,0,0,False
88,(-3.5, 0.0, 1.4),False,0,0,False
89,(-0.7, 0.0, -2.8),True,212.5233,0.4995117,True
90,(0.7, 0.0, -0.7),False,0,0,False
91,(3.5, 0.0, -0.7),False,0,0,False
92,(-2.1, 0.0, -2.8),True,221.297,0.4994202,True
93,(-3.5, 0.0, -1.4),False,0,0,False
94,(2.8, 0.0, -2.1),False,0,0,False
95,(1.4, 0.0, -3.5),False,0,0,False
96,(0.7, 0.0, 3.5),True,229.5376,0.3775635,True
97,(1.4, 0.0, -0.7),False,0,0,False
98,(-2.8, 0.0, -0.7),True,234.1025,0.5223083,True
99,(1.4, 0.0, 0.7),False,0,0,False
100,(-3.5, 0.0, 0.7),False,0,0,False
101,(-0.7, 0.0, 2.8),False,0,0,False
102,(2.1, 0.0, -2.8),False,0,0,False
103,(3.5, 0.0, -0.7),False,0,0,False
104,(-3.5, 0.0, -1.4),False,0,0,False
105,(3.5, 0.0, -1.4),False,0,0,False
106,(-0.7, 0.0, -3.5),False,0,0,False
107,(2.1, 0.0, -1.4),False,0,0,False
108,(-2.8, 0.0, 0.7),True,257.3691,0.6773376,True
109,(-0.7, 0.0, 3.5),False,0,0,False
110,(-1.4, 0.0, -3.5),True,262.3226,0.5111694,True
111,(0.7, 0.0, 2.8),False,0,0,False
112,(-0.7, 0.0, -0.7),True,268.0401,0.6867065,False
113,(-2.8, 0.0, -0.7),True,270.3521,0.5550537,False
114,(2.8, 0.0, 2.1),False,0,0,False
115,(1.4, 0.0, 2.1),False,0,0,False
116,(-0.7, 0.0, 1.4),True,277.6822,0.5667725,True
117,(-2.8, 0.0, 2.1),False,0,0,False
118,(2.1, 0.0, -2.8),False,0,0,False
119,(-0.7, 0.0, -2.8),True,285.023,0.4663696,True
120,(-1.4, 0.0, -0.7),True,286.5777,0.5330811,True
121,(2.1, 0.0, -1.4),False,0,0,False
122,(-0.7, 0.0, 0.7),True,291.0868,0.4553223,True
123,(0.7, 0.0, 3.5),False,0,0,False
124,(0.7, 0.0, -2.8),False,0,0,False
125,(-0.7, 0.0, -2.8),True,298.65,0.4550781,True
126,(-0.7, 0.0, -3.5),False,0,0,False
127,(-0.7, 0.0, -1.4),True,303.2256,0.4440918,False
128,(0.7, 0.0, 0.7),False,0,0,False
129,(-1.4, 0.0, 0.7),True,307.4237,0.5220337,False
130,(-3.5, 0.0, 0.7),False,0,0,False
131,(1.4, 0.0, -3.5),False,0,0,False
132,(3.5, 0.0, 0.7),False,0,0,False
133,(0.7, 0.0, 0.7),False,0,0,False
134,(-3.5, 0.0, 1.4),False,0,0,False
135,(1.4, 0.0, 3.5),False,0,0,False
136,(0.7, 0.0, 1.4),False,0,0,False
137,(-2.8, 0.0, 0.7),True,326.9256,0.5330811,True
138,(-1.4, 0.0, 2.1),False,0,0,False
139,(-1.4, 0.0, -3.5),True,331.568,0.5998535,True
140,(2.1, 0.0, 2.8),False,0,0,False
141,(-2.8, 0.0, 2.1),False,0,0,False
142,(-0.7, 0.0, 3.5),False,0,0,False
143,(1.4, 0.0, 2.1),False,0,0,False
144,(-2.8, 0.0, 0.7),True,344.0509,0.6550293,True
145,(-2.1, 0.0, -1.4),True,346.5164,0.5441284,True
146,(1.4, 0.0, 2.1),False,0,0,False
147,(-3.5, 0.0, -0.7),False,0,0,False
148,(-1.4, 0.0, 2.1),False,0,0,False
149,(-2.8, 0.0, -2.1),True,356.0566,0.6109619,True
150,(-0.7, 0.0, -1.4),True,358.5999,0.5886841,True
151,(1.4, 0.0, -3.5),False,0,0,False
152,(2.8, 0.0, -2.1),False,0,0,False
153,(0.7, 0.0, -0.7),False,0,0,False
154,(-3.5, 0.0, -0.7),True,367.5179,0.6997681,True
155,(-2.1, 0.0, -2.8),True,370.3833,0.5996094,True
