486.3921
0,(2.8, 0.0, -0.7),False,0,0,False
1,(2.8, 0.0, 2.1),True,3.420486,0.4887695,True
2,(0.7, 0.0, -1.4),True,5.508392,0.4329071,True
3,(0.7, 0.0, -3.5),True,7.307648,0.4776917,True
4,(0.7, 0.0, -1.4),True,10.4505,0.7329865,True
5,(3.5, 0.0, 0.7),False,0,0,False
6,(1.4, 0.0, 3.5),True,13.81573,0.5442352,True
7,(2.8, 0.0, 0.7),True,15.55934,0.5330353,True
8,(0.7, 0.0, 1.4),True,18.49127,0.3441467,True
9,(0.7, 0.0, 2.8),True,21.43425,0.5774536,True
10,(-0.7, 0.0, 0.7),True,24.31084,0.3444519,True
11,(-0.7, 0.0, 3.5),True,26.58762,0.01118469,True
12,(-0.7, 0.0, -3.5),True,28.79756,0.3665619,True
13,(-0.7, 0.0, 0.7),True,30.55212,0.5330048,True
14,(1.4, 0.0, -0.7),True,33.362,0.4217987,True
15,(-1.4, 0.0, -2.1),True,35.62773,0.4885406,True
16,(0.7, 0.0, 2.8),True,38.20432,0.4664612,True
17,(-0.7, 0.0, -0.7),True,39.80367,0.4553986,True
18,(-2.1, 0.0, -1.4),True,41.53627,0.4333496,True
19,(-1.4, 0.0, -0.7),True,43.85738,0.4222565,True
20,(3.5, 0.0, -0.7),False,0,0,False
21,(-2.1, 0.0, -2.8),True,48.01089,0.3885803,True
22,(-2.1, 0.0, 2.8),False,0,0,False
23,(-1.4, 0.0, 3.5),False,0,0,False
24,(-1.4, 0.0, -2.1),True,54.38564,0.3664856,True
25,(-2.1, 0.0, 2.8),True,56.3959,0.5333557,True
26,(2.1, 0.0, 2.8),True,58.96135,0.4333038,True
27,(2.1, 0.0, -1.4),True,60.72723,0.5109253,True
28,(-1.4, 0.0, -3.5),True,62.70436,0.6889954,True
29,(1.4, 0.0, 0.7),True,64.6696,0.4997559,True
30,(2.1, 0.0, -2.8),False,0,0,False
31,(3.5, 0.0, -1.4),False,0,0,False
32,(-1.4, 0.0, -2.1),True,71.0334,0.3888092,True
33,(-2.1, 0.0, 1.4),True,74.2874,0.4442596,True
34,(3.5, 0.0, 0.7),False,0,0,False
35,(2.8, 0.0, -0.7),True,78.8186,0.4657745,True
36,(-2.8, 0.0, -2.1),True,81.99486,0.3997498,True
37,(0.7, 0.0, -2.8),True,84.8719,0.4665527,True
38,(2.8, 0.0, -0.7),True,87.05923,0.487915,True
39,(-1.4, 0.0, 3.5),False,0,0,False
40,(0.7, 0.0, 0.7),False,0,0,False
41,(-3.5, 0.0, 1.4),True,94.35603,0.4888306,True
42,(3.5, 0.0, 1.4),False,0,0,False
43,(-2.8, 0.0, 2.1),True,99.84224,0.5439301,True
44,(-3.5, 0.0, 0.7),True,102.8408,0.4553528,True
45,(1.4, 0.0, -0.7),True,105.6617,0.3887787,True
46,(-0.7, 0.0, 2.8),True,107.4724,0.6667786,True
47,(2.1, 0.0, 2.8),True,109.0601,0.6439972,True
48,(3.5, 0.0, -1.4),False,0,0,False
49,(0.7, 0.0, -2.8),True,112.8806,0.5109558,True
50,(-1.4, 0.0, -0.7),True,114.8574,0.4665375,True
51,(1.4, 0.0, -2.1),True,117.5005,0.6329803,True
52,(-3.5, 0.0, -1.4),True,119.8662,0.4665527,True
53,(2.8, 0.0, 0.7),True,121.3878,0.5664368,True
54,(-1.4, 0.0, 2.1),True,123.0424,0.7329407,True
55,(2.8, 0.0, -2.1),False,0,0,False
56,(1.4, 0.0, -2.1),True,127.2628,0.377655,True
57,(-1.4, 0.0, 3.5),False,0,0,False
58,(0.7, 0.0, -3.5),True,133.5375,0.3774719,True
59,(-2.1, 0.0, 1.4),True,135.0257,0.4551086,True
60,(-0.7, 0.0, 1.4),True,137.9467,0.6220398,True
61,(0.7, 0.0, -0.7),True,139.2016,0.4776001,True
62,(-3.5, 0.0, -0.7),True,140.8234,0.7777405,True
63,(3.5, 0.0, 1.4),False,0,0,False
64,(2.1, 0.0, 1.4),True,145.1213,0.4999695,True
65,(-2.1, 0.0, 2.8),True,148.4751,0.5884705,True
66,(2.8, 0.0, 0.7),True,149.8188,0.433075,True
67,(0.7, 0.0, -1.4),True,151.2737,0.4551697,True
68,(3.5, 0.0, 1.4),False,0,0,False
69,(-0.7, 0.0, 2.8),True,155.1056,0.5555115,True
70,(-1.4, 0.0, 0.7),True,157.3824,0.4335022,True
71,(2.8, 0.0, 2.1),True,159.0148,0.5218506,True
72,(0.7, 0.0, 3.5),False,0,0,False
73,(-2.1, 0.0, 1.4),True,164.8008,0.4443054,True
74,(-1.4, 0.0, 0.7),True,166.7555,0.5664368,True
75,(0.7, 0.0, 1.4),True,169.3653,0.5995789,True
76,(-2.8, 0.0, -2.1),False,0,0,False
77,(2.1, 0.0, 1.4),True,173.6527,0.4441833,True
78,(1.4, 0.0, 0.7),True,175.718,0.4332275,True
79,(-0.7, 0.0, -1.4),True,177.2506,0.4552612,True
80,(1.4, 0.0, 3.5),True,178.7944,0.6217957,True
81,(-2.1, 0.0, -1.4),True,181.5819,0.4107666,True
82,(1.4, 0.0, -2.1),True,183.4926,0.5333862,True
83,(-0.7, 0.0, -0.7),True,185.258,0.499939,True
84,(-0.7, 0.0, 1.4),True,188.1346,0.4222717,True
85,(2.1, 0.0, 1.4),True,191.2554,0.5112,True
86,(-2.8, 0.0, -0.7),True,194.2206,0.3445129,True
87,(0.7, 0.0, -3.5),True,196.0085,0.7772522,True
88,(-3.5, 0.0, 1.4),True,198.3519,0.4554443,True
89,(-0.7, 0.0, -2.8),True,199.9512,0.5105286,True
90,(0.7, 0.0, -0.7),True,202.839,0.3666382,True
91,(3.5, 0.0, -0.7),False,0,0,False
92,(-2.1, 0.0, -2.8),True,207.4697,0.4443054,True
93,(-3.5, 0.0, -1.4),True,209.0691,0.4664001,True
94,(2.8, 0.0, -2.1),False,0,0,False
95,(1.4, 0.0, -3.5),True,213.7894,0.4667664,True
96,(0.7, 0.0, 3.5),False,0,0,False
97,(1.4, 0.0, -0.7),True,219.6087,0.3883057,True
98,(-2.8, 0.0, -0.7),False,0,0,False
99,(1.4, 0.0, 0.7),True,225.6837,0.4888306,True
100,(-3.5, 0.0, 0.7),True,228.7488,0.5109863,True
101,(-0.7, 0.0, 2.8),True,231.0366,0.7666931,True
102,(2.1, 0.0, -2.8),False,0,0,False
103,(3.5, 0.0, -0.7),False,0,0,False
104,(-3.5, 0.0, -1.4),True,235.7679,0.5664673,True
105,(3.5, 0.0, -1.4),False,0,0,False
106,(-0.7, 0.0, -3.5),True,241.5987,0.5109863,True
107,(2.1, 0.0, -1.4),True,243.3087,0.5331726,True
108,(-2.8, 0.0, 0.7),True,244.708,0.5107117,True
109,(-0.7, 0.0, 3.5),False,0,0,False
110,(-1.4, 0.0, -3.5),True,250.5831,0.3663635,True
111,(0.7, 0.0, 2.8),True,253.0154,0.4886169,True
112,(-0.7, 0.0, -0.7),True,254.8479,0.5220032,True
113,(-2.8, 0.0, -0.7),True,256.2584,0.588562,True
114,(2.8, 0.0, 2.1),True,258.0018,0.4772949,True
115,(1.4, 0.0, 2.1),True,260.7008,0.4555054,True
116,(-0.7, 0.0, 1.4),True,263.2888,0.4336853,True
117,(-2.8, 0.0, 2.1),True,264.9651,0.5772095,True
118,(2.1, 0.0, -2.8),False,0,0,False
119,(-0.7, 0.0, -2.8),True,268.7525,0.6108398,True
120,(-1.4, 0.0, -0.7),True,270.8737,0.4220581,True
121,(2.1, 0.0, -1.4),True,272.4173,0.4662781,True
122,(-0.7, 0.0, 0.7),True,274.2499,0.5105896,True
123,(0.7, 0.0, 3.5),True,276.0045,0.6774597,True
124,(0.7, 0.0, -2.8),True,278.4813,0.4332886,True
125,(-0.7, 0.0, -2.8),True,280.4693,0.4332886,True
126,(-0.7, 0.0, -3.5),True,283.3471,0.5339966,True
127,(-0.7, 0.0, -1.4),True,285.5779,0.5380554,True
128,(0.7, 0.0, 0.7),True,288.2766,0.477478,True
129,(-1.4, 0.0, 0.7),True,289.8648,0.7442017,True
130,(-3.5, 0.0, 0.7),True,292.0529,0.5109558,True
131,(1.4, 0.0, -3.5),True,295.1906,0.557251,True
132,(3.5, 0.0, 0.7),False,0,0,False
133,(0.7, 0.0, 0.7),True,299.6823,0.3442383,True
134,(-3.5, 0.0, 1.4),True,301.2815,0.5552063,True
135,(1.4, 0.0, 3.5),True,303.3029,0.6997375,True
136,(0.7, 0.0, 1.4),True,304.8354,0.7218018,True
137,(-2.8, 0.0, 0.7),True,307.0232,0.4326172,True
138,(-1.4, 0.0, 2.1),True,309.2893,0.5557556,True
139,(-1.4, 0.0, -3.5),True,312.3875,0.7217102,True
140,(2.1, 0.0, 2.8),True,314.7419,0.6664124,True
141,(-2.8, 0.0, 2.1),True,317.7961,0.4109802,True
142,(-0.7, 0.0, 3.5),False,0,0,False
143,(1.4, 0.0, 2.1),True,321.6054,0.477417,True
144,(-2.8, 0.0, 0.7),True,323.3601,0.4330139,True
145,(-2.1, 0.0, -1.4),True,325.282,0.4559021,True
146,(1.4, 0.0, 2.1),True,327.7026,0.5331421,True
147,(-3.5, 0.0, -0.7),True,330.3568,0.3996582,True
148,(-1.4, 0.0, 2.1),True,332.6897,0.4225769,True
149,(-2.8, 0.0, -2.1),True,334.2775,0.5332642,True
150,(-0.7, 0.0, -1.4),True,335.5211,0.4105225,True
151,(1.4, 0.0, -3.5),False,0,0,False
152,(2.8, 0.0, -2.1),False,0,0,False
153,(0.7, 0.0, -0.7),True,343.6062,0.3331604,True
154,(-3.5, 0.0, -0.7),True,346.6949,0.3773499,True
155,(-2.1, 0.0, -2.8),True,348.5045,0.4667969,True
