0.02647018,-0.1152604,-0.1076744,True
0.03287125,-0.08923745,-0.09411573,True
0.04228878,-0.02933788,-0.08811736,True
0.05358601,-0.04292488,-0.08470809,True
0.06458473,-0.05855799,-0.2128335,True
0.07575703,-0.0351932,-0.1837788,True
0.2868643,0.1614075,-0.2725595,True
0.2978945,0.1755189,-0.2098044,True
0.3088846,0.09224963,-0.2895814,True
0.3205204,0.2433388,-0.2957942,True
0.3315592,0.2433388,-0.2957944,True
0.3429346,0.2433388,-0.2957942,True
0.353755,0.3261789,-0.2750554,True
0.3647709,0.243345,-0.2143385,True
0.3756618,0.184373,-0.2587544,True
0.3868275,0.1456438,-0.2815922,True
0.3980551,0.1201072,-0.2904702,True
0.4092436,0.1801444,-0.2944936,True
0.4205227,0.2897505,-0.2708682,True
0.4318676,0.417868,-0.3587129,False
0.4429913,0.4283134,-0.336411,False
0.4543056,0.4080101,-0.5970007,False
0.4654493,0.3920474,-0.654752,False
0.4769077,0.2739706,-0.4901165,False
0.4880037,0.2450086,-0.5968548,False
0.4993715,0.3587291,-0.5587294,False
0.5106564,0.470965,-0.6722945,False
0.5219545,0.3774419,-0.6932049,False
0.5328379,0.3907238,-0.6601415,False
0.5439634,0.3027058,-0.6461515,False
0.555151,0.3418919,-0.4303448,False
0.5661163,0.2025036,0.001353502,True
0.5771723,0.07374406,-0.1489449,True
0.5884047,0.04662943,-0.1268044,True
0.5995455,0.02907276,-0.1980889,True
0.6110334,0.05236721,-0.1348679,True
0.6216822,0.05236721,-0.134867,True
0.6334419,0.07722616,-0.1332495,True
0.644166,0.07722569,-0.1332476,True
0.6558399,0.1455919,-0.07622862,True
0.666419,0.1872507,0.04967499,True
0.6783504,0.2411885,0.05229664,True
0.6886234,0.1926813,0.0009372234,True
0.6998787,0.09616673,0.007045746,True
0.7111483,0.567583,0.2879155,False
0.7220173,1.087512,0.3889365,False
0.7331562,1.541207,0.4903333,False
0.7443523,2.63743,0.9105504,False
0.7553234,3.098466,0.9879274,False
0.766386,3.448615,0.940398,False
0.7775078,3.488966,1.015578,False
0.7889185,3.483188,0.9307008,False
0.7997408,3.495576,0.8879941,False
0.8109474,3.549234,0.8426707,False
0.8222523,3.356909,0.9834833,False
0.8329754,3.387742,0.8826811,False
0.8440723,3.577307,1.028165,False
0.8551683,3.436459,0.9729178,False
0.8660259,3.169284,0.8327651,False
0.8770628,3.591167,1.047225,False
0.8881426,3.459308,1.044093,False
0.8993988,3.473584,1.107956,False
0.9109545,3.457176,1.199139,False
0.9214764,3.377827,1.129322,False
0.9329147,3.38536,1.079995,False
0.9442072,3.351007,0.8975556,False
0.9547844,3.247764,1.087825,False
0.9660368,3.078641,1.111634,False
0.9777718,3.07031,1.090333,False
0.9880781,3.023222,1.09984,False
0.9993982,3.010276,1.120306,False
1.010425,2.799167,1.17973,False
1.021373,2.901006,1.12667,False
1.032623,2.78469,1.197768,False
1.043682,2.608438,1.102302,False
1.054856,2.51984,1.122356,False
1.065849,2.576479,1.170605,False
1.077026,2.520017,1.178252,False
1.088054,2.481697,1.157767,False
1.099545,2.439521,1.231745,False
1.110382,2.240425,1.142484,False
1.121569,2.203788,1.115327,False
1.132586,1.846374,0.898661,False
1.1436,0.9447354,0.2732887,False
1.154775,0.5392803,-0.09747386,False
1.165947,0.2698874,-0.06765544,True
1.176863,0.01634216,-0.1829914,True
1.188216,-0.08299941,-0.1457164,True
1.199286,-0.1553412,-0.1173129,True
1.210545,-0.1422574,-0.08287942,True
1.221299,-0.1155145,-0.04826117,True
1.232657,-0.1573583,0.01527822,True
1.243639,-0.1546916,0.1739099,True
1.254842,-0.2420703,0.08372498,True
1.265799,-0.2049691,0.1359479,True
1.27783,-0.2523432,0.0857904,True
1.287991,-0.2019715,0.09274304,True
1.299177,-0.1597162,0.1026598,True
1.310158,-0.07358295,0.1073121,True
1.321325,-0.07812148,0.0978328,True
1.332362,-0.06647927,0.08971047,True
1.343583,-0.04746681,0.06518829,True
1.35466,-0.0247581,0.05894291,True
1.365766,-0.02766126,0.06060565,True
1.376748,-0.03180575,0.05749905,True
1.387918,-0.03969759,0.07825458,True
1.399111,-0.05631828,0.1000863,True
1.410359,-0.1212066,0.08059645,True
1.421224,-0.1312901,0.05463481,True
1.432446,-0.1375764,0.06047547,True
1.443597,-0.1531665,0.0571897,True
1.454557,-0.133271,0.0522486,True
1.465674,-0.1049652,0.04542887,True
1.476922,-0.1038122,-0.03847551,True
1.487831,-0.1123201,-0.01773441,True
1.499188,-0.1544027,-0.006962419,True
1.510126,-0.1446764,-0.08643198,True
1.521261,-0.2356539,-0.09229422,True
1.532273,-0.2440505,-0.08365357,True
1.54347,-0.2502503,-0.01904094,True
1.554632,-0.248686,-0.09124184,True
1.565929,-0.2461669,-0.07957745,True
1.577603,-0.1869415,-0.134306,True
1.587866,-0.1772039,-0.1878798,True
1.599243,-0.151154,-0.1967623,True
1.610135,-0.2036291,-0.3487897,True
1.62123,-0.2398647,-0.2928138,True
1.632327,-0.2314447,-0.3509207,True
1.643327,-0.1740783,-0.4969554,False
1.654634,-0.1569085,-0.4456303,True
1.665593,-0.151379,-0.5891302,False
1.676911,-0.1247942,-0.6344559,False
1.687918,-0.1267267,-0.6585138,False
1.698996,-0.003459096,-0.6882234,False
1.710041,-0.004363298,-0.8743668,False
1.721239,0.08693862,-0.8735242,False
1.732256,0.12225,-0.7856851,False
1.743315,0.2890251,-0.6659076,False
1.754436,0.2575088,-0.5113406,False
1.765596,0.2461072,-0.5469418,False
1.776776,0.3920345,-0.6523874,False
1.787971,0.4099172,-0.6441388,False
1.798988,0.4289513,-0.6620309,False
1.810197,0.4398103,-0.6589327,False
1.821025,0.4332107,-0.6623869,False
1.832217,0.4262701,-0.6643772,False
1.843308,0.4126084,-0.6213129,False
1.854396,0.4112919,-0.6038761,False
1.865648,0.3860166,-0.528667,False
1.876963,0.364056,-0.5475323,False
1.887683,0.3648628,-0.3798995,False
1.899066,0.3616719,-0.3959811,False
1.910056,0.2496986,-0.3737905,True
1.920978,0.1441985,-0.426971,True
1.932493,0.108802,-0.3457057,True
1.943336,0.04516697,-0.2624099,True
1.954295,0.01759595,-0.2609,True
1.965574,0.02054405,-0.2693787,True
1.976584,-0.02640486,-0.2642584,True
1.987786,0.01850525,-0.2975581,True
1.998912,-0.09227794,-0.2601604,True
2.01002,-0.1551009,-0.3431573,True
2.021131,-0.1976452,-0.2927604,True
2.032229,-0.1990988,-0.2250781,True
2.04327,-0.234939,-0.2037687,True
2.054354,-0.2657554,-0.2306037,True
2.06549,-0.2416103,-0.3296342,True
2.076519,-0.2771225,-0.3636086,True
2.08762,-0.3165104,-0.3159716,True
2.09897,-0.3572385,-0.409481,False
2.109963,-0.4115819,-0.2455266,True
2.121007,-0.4360493,-0.2528759,False
2.132062,-0.4490979,-0.2399719,False
2.143157,-0.4438724,-0.167612,True
2.154273,-0.5389127,-0.05302203,False
2.165329,-0.5580801,-0.07130539,False
2.176503,-0.5370433,0.2307962,False
2.187854,-0.5253583,0.3029767,False
2.198863,-0.4920731,0.3341393,False
2.209851,-0.3231285,0.2004265,True
2.221074,-0.1647779,-0.04379541,True
2.232334,-0.05244476,-0.124725,True
2.243271,-0.04029077,-0.1269992,True
2.254236,-0.03231895,-0.04340255,True
2.265265,-0.01935259,0.002276942,True
2.276546,0.03525656,0.1030735,True
2.287677,0.07084709,0.003417775,True
2.298806,0.18498,0.1549858,True
2.30969,0.2274036,0.2000562,True
2.321232,0.1228697,0.2122775,True
2.332034,0.1030533,0.2535974,True
2.343211,0.1436791,0.2747271,True
2.35418,0.2059366,0.289837,True
2.365295,0.3161345,0.3963096,False
2.376437,0.4117635,0.6092714,False
2.387505,0.4595422,0.5718583,False
2.39873,0.432305,0.5456812,False
2.409966,0.5426974,0.661593,False
2.420714,0.4589216,0.722441,False
2.432014,0.4328807,0.7419379,False
2.44325,0.5395004,0.8347011,False
2.454239,0.6050109,0.8538146,False
2.465188,0.5379254,0.8743666,False
2.476336,0.435722,0.851836,False
2.487556,0.4586277,0.8458774,False
2.499212,0.4181413,0.8445717,False
2.509644,0.430793,0.6907886,False
2.52085,0.4240204,0.7041667,False
2.53224,0.2624454,0.4260137,False
2.542978,0.3298259,0.3828299,False
2.554079,0.2441051,0.3254378,True
2.565139,0.2969224,0.1838043,True
2.576246,0.2128537,0.2474506,True
2.587639,0.2164761,0.2002932,True
2.598545,0.2318652,0.2140615,True
2.609774,0.2315989,0.3089768,True
2.621121,0.1414109,0.2844025,True
2.631739,0.1340875,0.297081,True
2.643001,0.08288611,0.2716361,True
2.654454,0.07924257,0.2608929,True
2.665107,0.102354,0.287601,True
2.676598,0.04123543,0.2502387,True
2.687309,-0.02579047,0.2733155,True
2.698498,-0.0338563,0.2693827,True
2.710039,0.03404891,0.2273762,True
2.720669,0.1383709,0.2805327,True
2.731898,0.1089948,0.2353703,True
2.742886,0.04925887,0.2653699,True
2.754007,0.09446783,0.259813,True
2.765275,0.07703593,0.2116929,True
2.776256,0.06058285,0.2229025,True
2.787302,0.1104581,0.1882687,True
2.798448,0.1203063,0.2085238,True
2.809796,0.09455119,0.169526,True
2.82058,0.04156081,0.2534485,True
2.831693,0.100908,0.2369876,True
2.842845,0.1964667,0.2300178,True
2.853937,0.1650203,0.1496766,True
2.865018,0.2563818,0.1373813,True
2.876229,0.4045018,0.05442524,True
2.887313,0.342361,0.03193104,True
2.898371,0.4409783,0.151016,True
2.909596,0.4986441,0.09531772,False
2.921189,0.5536844,0.01726627,False
2.931572,0.5356822,-0.07340848,False
2.943169,0.6259562,0.06489289,False
2.953943,0.5829575,0.04056394,False
2.965504,0.6095098,0.1237538,False
2.976156,0.6107727,-0.02218235,False
2.987355,0.5291507,-0.1439284,False
2.998378,0.4601716,-0.2410014,False
3.009454,0.04743195,-0.2518181,True
3.020622,0.02812555,-0.1944835,True
3.031859,-0.04657537,-0.1940117,True
3.042752,0.1355192,-0.1170964,True
3.053864,0.1921272,-0.1551031,True
3.065248,0.186463,-0.1906531,True
3.076243,0.1755546,-0.2050061,True
3.087101,0.1113941,-0.2522627,True
3.098249,0.1056204,-0.3401673,True
3.109403,0.2233188,-0.3246337,True
3.12066,0.26838,-0.3203624,True
3.132037,0.272001,-0.3212318,True
3.142654,0.2769367,-0.47155,False
3.153962,0.2880588,-0.4591573,False
3.164886,0.2179031,-0.366752,True
3.176044,-0.05055422,-0.2715465,True
3.187289,-0.0866859,-0.05080855,True
3.19818,-0.1139272,-0.1121603,True
3.209525,-0.08288074,-0.1679482,True
3.220432,-0.07803094,-0.2017536,True
3.231683,-0.1132522,-0.1938335,True
3.242654,-0.06811333,-0.2574695,True
3.253758,-0.05667651,-0.1888888,True
3.264927,-0.01945925,-0.247533,True
3.276129,-0.02514207,-0.2618935,True
3.28713,0.002827525,-0.2622285,True
3.298213,0.06981456,-0.2900878,True
3.30932,0.09137642,-0.3418947,True
3.320373,0.07095253,-0.3114322,True
3.331808,0.09308112,-0.3151251,True
3.342615,0.1496305,-0.3298031,True
3.353743,0.1311091,-0.3205244,True
3.36482,0.1828603,-0.3439821,True
3.377027,0.3142296,-0.2952015,True
3.387791,0.3142294,-0.2952017,True
3.398925,0.3384948,-0.289151,True
3.409877,0.3399125,-0.3046969,True
3.421112,0.3131094,-0.3058951,True
3.432684,0.3233515,-0.3244354,True
3.443473,0.1293221,-0.4567749,True
3.45429,0.07671475,-0.2406096,True
3.465318,-0.03131163,-0.09414209,True
3.476051,-0.02301288,-0.09018591,True
3.487276,-0.0549643,-0.08700991,True
3.498525,-0.02051187,-0.05936143,True
3.509852,0.03304529,-0.04475099,True
3.520497,0.117064,-0.04088944,True
3.531781,0.1437312,-0.04645541,True
3.542985,0.1916162,-0.02936754,True
3.553815,0.1906775,-0.03155431,True
3.565065,0.2036855,-0.03366935,True
3.576276,0.2114605,-0.0400598,True
3.587482,0.1923982,-0.04270941,True
3.598205,0.1852655,-0.04800832,True
3.609366,0.1713074,-0.05089298,True
3.620422,0.1878548,-0.03665504,True
3.631507,0.2141926,-0.007300317,True
3.642633,0.2619762,-0.0311105,True
3.653945,0.2690099,-0.0235793,True
3.664842,0.2625498,-0.03897423,True
3.675888,0.2413224,-0.07189476,True
3.687008,0.2101808,-0.08875042,True
3.698139,0.238308,-0.09967884,True
3.709254,0.02331138,-0.06091967,True
3.720391,0.06690562,-0.08858496,True
3.731448,-0.03769362,-0.1274117,True
3.742984,0.09632051,-0.09549084,True
3.854484,-0.1587859,-0.03889138,True
3.865409,-0.128054,-0.007160753,True
3.876201,-0.1190122,0.0268735,True
3.887315,-0.09432888,-0.0266405,True
3.898689,-0.1744962,-0.03059211,True
3.909735,-0.04441583,0.00465858,True
3.921179,-0.183562,0.008844674,True
3.932323,-0.1323379,0.006954581,True
3.942814,-0.1104207,0.005805671,True
3.953755,-0.07781351,0.01782125,True
3.964868,-0.07552493,0.01191366,True
3.976377,-0.1573609,0.01631859,True
3.987022,-0.1805422,-0.01696175,True
3.998159,-0.2046356,0.03586039,True
4.00937,-0.215421,0.02420157,True
4.02035,-0.2085552,0.03388971,True
4.031521,-0.1354799,-0.01079732,True
4.042542,-0.08500373,0.04125792,True
4.054046,-0.05638194,0.05949137,True
4.064862,-0.04891205,0.05647629,True
4.07618,-0.05761409,0.04486823,True
4.087549,-0.06196332,0.03761265,True
4.09851,-0.07855308,0.02943155,True
4.109703,-0.09149814,0.008081973,True
4.120786,-0.1114852,-0.01711196,True
4.131789,-0.127474,-0.02761301,True
4.142828,-0.1386511,-0.02513444,True
4.153967,-0.1491126,-0.02483535,True
4.165037,-0.1491125,-0.02483517,True
4.176444,-0.1426435,-0.03210288,True
4.187032,-0.123203,-0.03259188,True
4.198032,-0.103196,-0.04345667,True
4.209512,-0.1206192,-0.04442865,True
4.219937,-0.1212419,-0.0425598,True
4.231293,-0.11874,-0.04390469,True
4.242184,-0.1261592,-0.04641432,True
4.253229,-0.1399469,-0.04135028,True
4.264464,-0.1500669,-0.02972269,True
4.275594,-0.1509022,-0.02878734,True
4.28655,-0.1416148,-0.03896269,True
4.298028,-0.1367782,-0.02949515,True
4.308977,-0.1344639,-0.02315566,True
4.320919,-0.1438593,-0.01734656,True
4.331126,-0.1568511,-0.02130884,True
4.342254,-0.167098,-0.01331019,True
4.353388,-0.1739063,-0.009672999,True
4.364548,-0.1726553,-0.01206553,True
4.375496,-0.1730902,-0.01747575,True
4.386677,-0.1711794,-0.01029602,True
4.397773,-0.1675199,-0.01414168,True
4.408918,-0.164894,-0.01185286,True
4.420014,-0.16833,-0.003535628,True
4.431036,-0.158578,0.0002078712,True
4.442211,-0.1530272,-0.0004159212,True
4.453196,-0.1565959,-0.004364371,True
4.464429,-0.1552477,-0.008728772,True
4.475438,-0.1506573,-0.01496238,True
4.486582,-0.1511718,-0.01194897,True
4.497805,-0.153569,-0.008416623,True
4.509233,-0.1547345,-0.01278251,True
4.52005,-0.1576777,-0.01715034,True
4.53112,-0.1553798,-0.01912346,True
4.542089,-0.1544565,-0.02629721,True
4.55315,-0.1547737,-0.02775389,True
4.564323,-0.1614808,-0.02838677,True
4.575364,-0.1604344,-0.02859285,True
4.586558,-0.1564535,-0.02921191,True
4.597568,-0.1590546,-0.02214357,True
4.608796,-0.1583983,-0.01278439,True
4.620103,-0.1563843,-0.003429353,True
4.630835,-0.1529415,0.007480621,True
4.642029,-0.1548187,0.004883707,True
4.653114,-0.1612421,0.01808885,True
4.664433,-0.1610267,0.01559392,True
4.675545,-0.1553962,0.02640218,True
4.686438,-0.09442496,0.02290604,True
4.697612,0.06478,-0.04778191,True
4.709107,-0.02551639,-0.1916365,True
4.71974,-0.06947279,-0.1792556,True
4.730795,-0.02866614,-0.2026429,True
4.742261,-0.05209851,-0.1926633,True
4.752978,-0.06286144,-0.1655848,True
4.764206,-0.02958381,-0.1226952,True
4.775277,-0.006011486,-0.09576836,True
4.786545,0.006632209,-0.08497307,True
4.797539,0.007979035,-0.08445601,True
4.808654,0.01284969,-0.08248885,True
4.819699,0.01212394,-0.07896024,True
4.83117,0.01056933,-0.07792091,True
4.841908,0.01554382,-0.07854967,True
4.853102,0.01481795,-0.07647339,True
4.864193,0.01440299,-0.07460511,True
4.875267,0.002382636,-0.07625124,True
4.886344,-0.0001035929,-0.08361416,True
4.89749,-0.009540915,-0.1089911,True
4.908577,-0.01732504,-0.1155743,True
4.919951,-0.03435206,-0.117172,True
4.931384,-0.03435218,-0.1171719,True
4.942346,-0.03935838,-0.1287735,True
4.952993,-0.0333277,-0.1258372,True
4.964185,-0.02449059,-0.1185097,True
4.975128,-0.02033806,-0.1186067,True
4.986431,-0.01422191,-0.1292446,True
4.997339,-0.003323197,-0.1397792,True
5.008996,4.768372E-07,-0.1354861,True
5.019669,-0.003218532,-0.1376886,True
5.030871,-0.003841519,-0.1372725,True
5.041879,-0.01017582,-0.1365537,True
5.05296,-0.0131892,-0.138127,True
5.06398,-0.01349664,-0.1316474,True
5.075224,-0.02076697,-0.1322885,True
5.086197,-0.02304995,-0.130308,True
5.097719,-0.02294159,-0.1259198,True
5.108492,-0.01286304,-0.1142112,True
5.119648,-0.005493164,-0.09659842,True
5.130653,0.001554489,-0.09586577,True
5.141951,0.01451325,-0.0985854,True
5.153305,0.01513648,-0.1017054,True
5.163931,0.01295853,-0.1009734,True
5.175054,0.01658654,-0.09599157,True
5.186156,0.0002076626,-0.1080376,True
5.197285,-0.006429434,-0.1100283,True
5.208534,-0.02406895,-0.1136051,True
5.219617,-0.01939321,-0.1070277,True
5.230829,0.05830026,0.0008280501,True
5.242012,0.08009791,0.1263271,True
5.252776,0.1303686,0.1515234,True
5.263996,0.1381707,0.1265082,True
5.275041,0.1383744,0.08919994,True
5.286292,0.07428217,-0.283679,True
5.297544,-0.03622019,-0.2514448,True
5.308415,-0.02230644,-0.6550351,False
5.31946,-0.04532838,-1.032916,False
5.33083,0.05189395,-1.192435,False
5.341761,0.1164896,-1.462007,False
5.352822,0.2073663,-1.790761,False
5.363947,0.2313911,-2.18696,False
5.374959,-0.07507658,-2.277213,False
5.386104,-0.02257252,-2.643493,False
5.39728,-0.0405283,-2.76912,False
5.408373,0.05132985,-3.246815,False
5.419471,-0.2952542,-3.873055,False
5.430697,-0.09922051,-3.636276,False
5.441612,-0.1071076,-4.161848,False
5.453317,-0.2060168,-4.199235,False
5.463992,-0.1675537,-4.177312,False
5.474985,-0.5068319,-3.85281,False
5.48605,-0.04810667,-4.115013,False
5.497125,-0.1072159,-3.873499,False
5.508341,-0.1241429,-4.058535,False
5.519465,-0.1229441,-3.562263,False
5.530407,-0.1510773,-3.461856,False
5.541993,-0.236064,-3.445188,False
5.552673,-0.2240543,-3.376623,False
5.563835,-0.2858694,-3.2281,False
5.57491,-0.3759027,-3.125223,False
5.586087,-0.3418078,-3.059626,False
5.597213,-0.3410735,-3.222749,False
5.608383,-0.3102582,-3.01858,False
5.619363,-0.2966392,-3.018625,False
5.630548,-0.2319047,-3.046327,False
5.64149,-0.1823003,-2.943759,False
5.652656,-0.2927999,-2.917103,False
5.663778,-0.2959895,-2.870633,False
5.674952,-0.2549758,-2.862415,False
5.685925,-0.2126157,-2.845377,False
5.697157,-0.2056158,-2.825107,False
5.708251,-0.1885667,-2.812296,False
5.719254,-0.1945882,-2.792677,False
5.73035,-0.1663375,-2.629866,False
5.741619,-0.1614051,-2.634232,False
5.752604,-0.1432197,-2.63681,False
5.763866,-0.1094296,-2.664301,False
5.774813,-0.08841348,-2.614985,False
5.786011,-0.2297726,-2.382155,False
5.797036,-0.2017834,-2.247871,False
5.808223,-0.2966232,-1.209595,False
5.819304,-0.3073447,-0.8653833,False
5.830298,-0.3148639,-0.5418682,False
5.841366,-0.3737557,-0.3623973,False
5.852582,-0.2778344,-0.5577885,False
5.863636,-0.1393464,-0.5955087,False
6.008117,-0.1150851,-0.1322546,True
6.019238,-0.1774366,-0.1443305,True
6.030213,-0.1460445,-0.123544,True
6.041364,-0.05644131,-0.009112954,True
6.052466,-0.07446957,-0.07644129,True
6.063645,-0.08945107,-0.09017706,True
6.074869,-0.15116,-0.1342725,True
6.085867,-0.1530364,-0.1179293,True
6.096943,-0.2088425,-0.1896379,True
6.10803,-0.173166,-0.1374685,True
6.119123,-0.1712453,-0.134409,True
6.130227,-0.156786,-0.1416602,True
6.141343,-0.1458697,-0.1285747,True
6.152361,-0.1347888,-0.1343726,True
6.163536,-0.1339264,-0.1308031,True
6.17502,-0.1015997,-0.1327976,True
6.185796,-0.08379865,-0.1371347,True
6.196912,-0.08351183,-0.1437292,True
6.208005,-0.0869751,-0.1496054,True
6.219121,-0.09037352,-0.1407087,True
6.230353,-0.09781766,-0.149848,True
6.241381,-0.09729123,-0.1491115,True
6.252396,-0.09931755,-0.157202,True
6.263454,-0.1000817,-0.1637143,True
6.27456,-0.1021183,-0.1727673,True
6.285692,-0.09774113,-0.1769345,True
6.296865,-0.09743118,-0.177983,True
6.307878,-0.09617472,-0.1776571,True
6.319105,-0.09339166,-0.1857409,True
6.330235,-0.07178688,-0.2229905,True
6.341218,0.04046321,-0.2911247,True
6.352379,0.06104612,-0.3409921,True
6.363605,0.07477665,-0.3251945,True
6.374551,0.1178243,-0.3150083,True
6.385912,-0.1662898,0.02454293,True
6.396756,-0.2639668,0.4078001,True
6.407936,-0.6123877,0.833646,False
6.419269,-1.020712,1.448295,False
6.430053,-1.160019,1.68902,False
6.441111,-1.374573,1.931131,False
6.452332,-1.825814,2.184965,False
6.463326,-2.046978,2.236261,False
6.474877,-2.583138,2.506555,False
6.485671,-2.52272,2.5043,False
6.496721,-2.496871,2.495019,False
6.507864,-2.230866,2.394066,False
6.519337,-2.236653,2.42004,False
6.52995,-2.312309,2.438819,False
6.541375,-2.332525,2.365126,False
6.552268,-2.243152,2.337137,False
6.563368,-2.232131,2.324579,False
6.574372,-2.212446,2.349386,False
6.585653,-2.261613,2.329361,False
6.596648,-2.241515,2.341103,False
6.607694,-2.247448,2.345368,False
6.61894,-2.260791,2.345005,False
6.630251,-2.277629,2.380048,False
6.641093,-2.25798,2.356465,False
6.652165,-2.247761,2.395346,False
6.663419,-2.207888,2.270154,False
6.674866,-2.39722,2.394156,False
6.686104,-2.39722,2.394156,False
6.697502,-2.333915,2.409257,False
6.708093,-2.260568,2.143364,False
6.719568,-1.694803,1.703458,False
6.729959,-0.8101742,0.7379404,False
6.741105,-0.4406149,0.2430772,False
6.752402,-0.2554874,0.0454433,True
6.763218,-0.3343353,0.01879692,True
6.774337,-0.30194,0.0173527,True
6.785628,-0.3998048,-0.02829802,True
6.79658,-0.4480586,-0.005507946,True
6.807894,-0.5796146,-0.07878876,False
6.818951,-0.5691538,-0.02874732,False
6.82997,-0.6050599,-0.03611815,False
6.84129,-0.6147406,-0.08227634,False
6.852313,-0.60322,-0.1198418,False
6.863169,-0.7546239,-0.007037759,False
6.87434,-0.7241476,-0.1214739,False
6.88542,-0.6629632,-0.09549153,False
6.896634,-0.7431834,-0.2432212,False
6.907593,-0.7239888,-0.2712324,False
6.918985,-0.4949532,-0.09620774,False
6.93022,-0.1093383,-0.1526583,True
6.941291,-0.02744913,-0.2628665,True
6.952173,-0.04340267,-0.2103347,True
6.963129,-0.05104113,-0.23847,True
6.974277,-0.06203175,-0.2377696,True
6.985393,-0.0722661,-0.2156495,True
6.996463,-0.09690619,-0.221305,True
7.007831,-0.07644796,-0.2645804,True
7.019409,-0.06163144,-0.3209295,True
7.029961,-0.1493113,-0.2677927,True
7.040945,-0.08290982,-0.3241407,True
7.052005,-0.09377027,-0.2841483,True
7.063203,-0.1069219,-0.2707698,True
7.074253,-0.08394873,-0.2560416,True
7.085279,-0.09671056,-0.248431,True
7.096459,-0.05249667,-0.2598645,True
7.107526,-0.04869521,-0.2280092,True
7.119026,-0.1216847,-0.2175261,True
7.129686,-0.168152,-0.2199724,True
7.140841,-0.1522852,-0.2440767,True
7.152336,-0.1546254,-0.2287916,True
7.163134,-0.1508774,-0.2250056,True
7.174134,-0.1440324,-0.1914852,True
7.185287,-0.224533,-0.2155809,True
7.196275,-0.2678918,-0.1486769,True
7.207561,-0.2814062,-0.1344892,True
7.21877,-0.2888564,-0.1289895,True
7.229861,-0.2751781,-0.1922547,True
7.240753,-0.2869322,-0.1316116,True
7.252038,-0.2615188,-0.1555862,True
7.263026,-0.2566481,-0.1613515,True
7.274187,-0.2624286,-0.1509359,True
7.285201,-0.1935474,-0.1273259,True
7.296382,-0.2018954,-0.1025143,True
7.307488,-0.1603588,-0.114096,True
7.318776,-0.2426506,-0.105505,True
7.329871,-0.3009605,-0.1647567,True
7.340701,-0.2222834,-0.1277375,True
7.351939,-0.1609057,-0.1171357,True
7.362969,-0.02709746,-0.1274951,True
7.374087,-0.02811813,-0.1145502,True
7.385312,0.1604433,-0.1110601,True
7.396256,0.1515348,-0.0664593,True
7.407451,0.2404315,-0.06444973,True
7.418588,0.3315082,-0.0220657,True
7.429881,0.3928711,0.002025247,True
7.440782,0.4103212,-0.00951767,True
7.451865,0.003414392,-0.007760704,True
7.463214,-0.2526524,-0.05046797,True
7.474341,-0.2593615,0.02408266,True
7.485185,-0.7330039,-0.1989144,False
7.496211,-0.6489127,-0.3953806,False
7.5073,-0.8956561,-0.1819308,False
7.518546,-1.11088,-0.09653449,False
7.529634,-1.075769,-0.1894984,False
7.540679,-1.155399,-0.1232923,False
7.552058,-0.8978548,-0.1062289,False
7.562854,-0.8917429,0.003020585,False
7.573916,-0.799948,-0.04984432,False
7.585139,-0.7561467,-0.09102935,False
7.596152,-0.7342293,-0.06855643,False
7.607263,-0.7748835,-0.1497265,False
7.618703,-0.7555327,-0.1312484,False
7.629619,-0.7706544,-0.1239011,False
7.640979,-0.8162425,-0.05186754,False
7.65187,-0.7979343,-0.1432927,False
7.662978,-0.8444312,-0.1207926,False
7.673879,-0.8177209,-0.1306974,False
7.685023,-0.8822298,-0.129936,False
7.696158,-0.8963287,-0.1344441,False
7.707211,-1.004351,-0.1323442,False
7.71844,-0.5599308,-0.1935926,False
7.729541,-0.21926,-0.1919448,True
7.740983,0.127007,-0.2319031,True
7.751836,0.7035195,-0.1758259,False
7.762895,0.7134175,-0.2120504,False
7.773868,0.4454105,-0.2389644,False
7.78518,0.3529476,-0.1941587,True
7.796063,0.2887974,-0.2088881,True
7.807263,0.4212511,-0.1329358,True
7.818408,0.3201023,-0.1962913,True
7.829398,0.2096826,-0.1537534,True
7.840569,0.2004053,-0.2567301,True
7.851731,-0.01367581,-0.2231989,True
7.862744,-0.1174661,-0.2840874,True
7.873916,-0.1542017,-0.2737505,True
7.885016,-0.3024517,-0.09007221,True
7.895986,-0.4144403,-0.1282408,True
7.90726,-0.4828173,-0.1428651,False
7.918426,-0.6171975,-0.2068868,False
7.92979,-0.6636852,-0.2646478,False
7.940801,-0.7440342,-0.258665,False
7.952016,-0.8297413,-0.1857681,False
7.962731,-0.6029679,-0.2202445,False
7.973765,-0.1786129,-0.2463552,True
7.984998,0.2594595,-0.3645616,True
7.995984,0.2148153,-0.3001892,True
8.007087,0.05767119,-0.3549372,True
8.018264,-0.004540682,-0.3335845,True
8.029378,-0.0189873,-0.3623467,True
8.040376,-0.03410339,-0.3039819,True
8.051684,0.0782733,-0.2830461,True
8.062669,0.08259702,-0.2577488,True
8.073688,0.06086075,-0.2543362,True
8.084846,-0.01205087,-0.2679498,True
8.096234,-0.06162608,-0.2794709,True
8.107053,-0.04864061,-0.2655299,True
8.11834,0.01134562,-0.1841324,True
8.129651,-0.01375985,-0.2056668,True
8.140409,-0.05264258,-0.2218509,True
8.151595,-0.07847619,-0.188114,True
8.162541,-0.04708505,-0.1436419,True
8.173709,0.01297927,-0.1337367,True
8.184901,0.136977,-0.1464645,True
8.195966,0.08508563,-0.09017026,True
8.207007,0.1318004,-0.125033,True
8.218228,0.119338,-0.07644296,True
8.229396,0.07955599,-0.07478547,True
8.240319,0.1298947,-0.03468031,True
8.251714,0.03117883,-0.04392064,True
8.262567,0.140774,-0.07579359,True
8.27369,0.2007805,-0.1791943,True
8.284863,0.2781795,-0.1092321,True
8.29602,0.2366555,-0.1399373,True
8.307981,0.2861468,-0.1840349,True
8.318135,0.4495349,-0.2848047,False
8.329171,0.4205823,-0.1749906,True
8.340302,0.4500955,-0.2056375,True
8.351531,0.3902109,-0.2187174,True
8.362554,0.02834296,-0.1981917,True
8.373584,-0.2371404,-0.1719979,True
8.3849,-0.719357,-0.1980971,False
8.395804,-1.086512,-0.1744757,False
8.407073,-1.103555,-0.2145749,False
8.418147,-1.103664,-0.1106814,False
8.429423,-1.016754,-0.243417,False
8.440152,-1.023347,-0.1369936,False
8.451438,-0.980229,-0.2277611,False
8.462445,-0.8475344,-0.1850352,False
8.473598,-0.7953365,-0.2261692,False
8.485028,-0.6639996,-0.2196233,False
8.495772,-0.6541492,-0.2382502,False
8.506982,-0.5839293,-0.1234971,False
8.518128,-0.5251335,-0.2167179,False
8.529117,-0.4762691,-0.177169,False
8.540252,-0.3938932,-0.2036931,True
8.551257,-0.3521137,-0.2412933,True
8.562533,-0.2939982,-0.2544792,True
8.573567,-0.2003951,-0.2780152,True
8.584903,-0.189121,-0.2878078,True
8.5957,-0.1518128,-0.3155895,True
8.606872,-0.1882108,-0.3287841,True
8.618119,-0.1440773,-0.3008304,True
8.629266,-0.1435182,-0.3053197,True
8.640281,-0.1468101,-0.2990071,True
8.651452,-0.07902789,-0.3166394,True
8.662387,-0.0436101,-0.2386558,True
8.673406,0.01835155,-0.2080193,True
8.684659,0.08848739,-0.202749,True
8.695691,0.1901596,-0.1816779,True
8.706731,0.2302995,-0.1637501,True
8.71827,0.3483622,-0.2590659,True
8.728932,0.4333928,-0.3108726,False
8.74014,0.5287886,-0.2463976,False
8.75114,0.5359025,-0.3066927,False
8.762349,-0.07880259,-0.2834833,True
8.773437,-0.351999,-0.2694496,True
8.78461,-0.9732099,-0.3481526,False
8.795621,-1.294047,-0.5401785,False
8.806825,-1.559399,-0.4631535,False
8.81796,-1.385155,-0.5490279,False
8.828929,-1.3744,-0.4630435,False
8.84002,-1.177438,-0.4737035,False
8.851254,-1.157079,-0.6267421,False
8.862254,-1.027846,-0.5757036,False
8.87366,-1.016014,-0.5951623,False
8.884471,-0.8443837,-0.5691292,False
8.895816,-0.8376911,-0.5830656,False
8.906709,-0.7486062,-0.6037253,False
8.917932,-0.5990701,-0.5949351,False
8.929282,-0.6303952,-0.6427096,False
8.940202,-0.5952492,-0.6757294,False
8.951211,-0.5388026,-0.5797019,False
8.962285,-0.5226982,-0.6096482,False
8.97334,-0.3659794,-0.6099699,False
8.984458,-0.4312248,-0.6471733,False
8.995563,-0.1846771,-0.7597194,False
9.006671,-0.1286314,-0.7922508,False
9.017886,-0.1553161,-0.7245511,False
9.029021,-0.1742444,-0.7441193,False
9.040097,-0.1879916,-0.7440407,False
9.051112,-0.07674599,-0.770696,False
9.062154,-0.04829884,-0.4727376,True
9.073245,-0.01727748,-0.259074,True
9.084533,-0.05339861,-0.3061721,True
9.095649,-0.04288316,-0.2691527,True
9.106547,-0.06828308,-0.2688376,True
9.117858,-0.0769999,-0.2928563,True
9.128852,-0.02198744,-0.2568476,True
9.140126,0.002718449,-0.2428756,True
9.150975,-0.05649781,-0.1970133,True
9.162141,-0.0530951,-0.2063335,True
9.173219,-0.02433443,-0.1616029,True
9.184524,-0.04061913,-0.1355714,True
9.195378,-0.01316547,-0.1019107,True
9.206542,0.0368979,-0.07068624,True
9.217893,0.04308558,-0.02496029,True
9.228724,0.04639959,-0.02257833,True
9.239972,0.03760338,-0.03832721,True
9.251269,0.02040386,-0.04588202,True
9.262023,-0.02652836,-0.07098635,True
9.273206,-0.05672073,-0.08109158,True
9.284335,-0.06191468,-0.08296762,True
9.29552,-0.04302001,-0.07588384,True
9.30655,-0.0283947,-0.0710916,True
9.317815,-0.1003721,-0.09175848,True
9.328803,-0.1168423,-0.08204937,True
9.340201,-0.2790246,-0.1425137,True
9.350995,-0.1989698,-0.1276996,True
9.362044,-0.4296448,0.02558876,True
9.551213,0.07849836,-0.3557908,True
9.5619,0.09754372,-0.4949545,False
9.573022,0.1381414,-0.4115162,True
9.58422,0.1721234,-0.2960353,True
9.595254,0.1956763,-0.2783442,True
9.606271,0.2092428,-0.2859477,True
9.617566,0.1830118,-0.2656619,True
9.628585,0.1865935,-0.2502996,True
9.640075,0.1809187,-0.3345021,True
9.651025,0.1769876,-0.347049,True
9.661973,0.1773684,-0.3555895,True
9.673009,0.1610055,-0.3264652,True
9.684035,0.1467307,-0.3174931,True
9.695195,0.1476381,-0.303202,True
9.706283,0.1402326,-0.2938664,True
9.717628,0.03933764,-0.2437697,True
9.728763,0.04785371,-0.1608276,True
9.739669,0.01192284,-0.1015967,True
9.750789,0.01306534,-0.1062877,True
9.762286,0.009638309,-0.08518526,True
9.772891,0.004456997,-0.08933008,True
9.784118,0.01214314,-0.1243343,True
9.79528,0.01671195,-0.1246567,True
9.806449,0.02033615,-0.1151641,True
9.817964,0.01887703,-0.1083822,True
9.828658,0.02562189,-0.1099586,True
9.839774,0.03745532,-0.1102919,True
9.850722,0.04305768,-0.1080071,True
9.861791,0.03392386,-0.1087214,True
9.872994,0.01462317,-0.1076453,True
9.883977,-0.01419306,-0.06879392,True
9.895234,-0.008184433,-0.07075846,True
9.906304,0.001553774,-0.06805563,True
9.917546,-0.0677793,-0.03938204,True
9.928855,-0.07244635,-0.03876311,True
9.939603,-0.09408808,0.005491734,True
9.950713,-0.04321003,-0.05367675,True
9.962213,-0.08135748,0.03119507,True
9.972863,-0.1134892,-0.02852786,True
9.984002,-0.1316757,-0.03707319,True
9.995051,-0.1206338,-0.05035111,True
10.0062,-0.1343608,-0.02388185,True
10.01742,-0.08743,-0.06191716,True
10.02847,-0.1016843,-0.06941465,True
10.03954,-0.1033559,-0.07097962,True
10.05102,-0.1535168,-0.06448549,True
10.06168,-0.1457863,-0.07237437,True
10.07277,-0.1548052,-0.07553089,True
10.08397,-0.08707166,0.03514004,True
10.09503,0.1774216,0.02976117,True
10.1062,0.1449211,0.1169155,True
10.11742,0.1885345,-0.01936382,True
10.12838,0.2118504,0.005108029,True
10.13956,0.2344239,0.06754559,True
10.15057,0.2306366,-0.06921202,True
10.16166,0.233731,-0.06954443,True
10.17271,0.2352321,-0.07081011,True
10.18406,0.2370455,0.0008357763,True
10.19496,0.2330163,-0.006371677,True
10.20618,0.2287734,-0.01065028,True
10.21733,0.2262449,0.01816621,True
10.22826,0.2282109,0.002714187,True
10.23951,0.2362056,0.003864884,True
10.2506,0.2275763,0.003339469,True
10.26205,0.2147105,0.003128529,True
10.27329,0.1738617,0.03194213,True
10.28382,0.1279905,0.02719671,True
10.29491,0.1287093,-0.1331877,True
10.4727,0.1516111,-0.2074184,True
10.48372,0.267658,0.4632496,False
10.49477,0.2564692,0.8155978,False
10.50585,0.1333134,0.168361,True
10.51714,0.2214618,0.02024657,True
10.52814,0.2512183,-0.1051641,True
10.53922,0.2582643,-0.1029072,True
10.55041,0.2128975,0.0009378791,True
10.56155,0.197741,-0.3846157,True
10.85016,-0.05014896,-0.2747706,True
10.86128,-0.04665565,-0.2678834,True
10.87246,-0.0389111,-0.2418374,True
10.88352,-0.02312994,-0.1981721,True
10.89478,-0.01520944,-0.1985695,True
10.90576,-0.02123737,-0.1838457,True
10.92259,-0.0330348,-0.1372287,True
10.92825,-0.03838229,-0.1619536,True
10.93919,-0.03565383,-0.0721373,True
10.95024,-0.009322405,0.06546181,True
10.96146,-0.01263952,0.07562912,True
10.97233,-0.003003836,0.07727772,True
10.98355,-0.003107309,0.06275874,True
10.99462,-0.004866123,0.04938936,True
11.00574,-0.00496912,0.04130876,True
11.0168,-0.01242661,0.04908478,True
11.02798,-0.01428866,0.03862077,True
11.03904,-0.03436899,0.008902669,True
11.05027,-0.03799319,0.004657865,True
11.06116,-0.05548024,0.09343445,True
11.07237,-0.05526805,0.08990192,True
11.08336,-0.1341629,0.1695294,True
11.09455,-0.1482549,0.061028,True
11.10571,-0.09488034,0.04966968,True
11.11695,-0.09795046,0.0863288,True
11.12787,-0.1115899,0.07546574,True
11.13917,-0.1245644,0.08757985,True
11.15008,-0.111099,0.09199405,True
11.16112,-0.1248963,0.09621829,True
11.17226,-0.1388359,0.1004608,True
11.18341,-0.1251116,0.1147122,True
11.19446,-0.1218073,0.1044507,True
11.20584,-0.1182044,0.0940026,True
11.21669,-0.137965,0.09357047,True
11.22803,-0.1472828,0.09267557,True
11.23893,-0.1076443,0.08584589,True
11.25025,-0.09480286,0.06814635,True
11.26118,-0.09269023,0.04354513,True
11.2725,-0.09247375,0.03804636,True
11.28373,-0.09412074,0.02829885,True
11.29474,-0.0919323,0.02155823,True
11.30561,-0.08995819,0.02031249,True
11.31674,-0.1102223,0.01161349,True
11.32784,-0.1214888,0.01234543,True
11.33893,-0.1265857,0.002592981,True
11.35022,-0.1301618,0.01505029,True
11.36125,-0.1300306,0.00290525,True
11.37222,-0.1326187,-0.03821856,True
11.38339,-0.1478097,-0.007167161,True
11.39457,-0.1457551,-0.06102628,True
11.40556,-0.1109583,-0.06508017,True
11.41661,-0.1599493,-0.04180741,True
11.42786,-0.1117773,0.006636024,True
11.43881,-0.1113842,-0.01866817,True
11.45014,-0.1040819,-0.06859243,True
11.46111,-0.1332567,-0.04268783,True
11.47213,-0.1430795,-0.03927737,True
11.48321,-0.200444,-0.04503,True
11.49466,-0.186599,-0.03832012,True
11.50563,-0.3381817,-0.145633,True
11.51675,-0.7709305,-0.5062277,False
11.52783,-0.824019,-0.7352604,False
11.53887,-1.046774,-0.8114739,False
11.62769,-4.238837,-1.174441,False
11.63873,-4.004883,-1.228714,False
11.64998,-3.399952,-0.769285,False
11.66134,-4.504187,-1.563455,False
11.67279,-4.085949,-1.363145,False
11.68346,-3.887761,-1.038134,False
11.69432,-3.85045,-1.20618,False
11.70545,-3.343801,-1.160838,False
11.71653,-2.544971,-0.7971379,False
11.72762,-1.642205,-0.3031638,False
11.73875,-1.374228,-0.5145861,False
11.74975,-0.6387665,-0.3683439,False
11.76096,-0.4546089,-0.3417388,False
11.77208,-0.4887335,-0.2073897,False
11.78317,-0.3088095,-0.1883402,True
11.79418,-0.3143456,-0.1924718,True
11.80536,-0.2749426,-0.1831194,True
11.81644,-0.2736206,-0.1955492,True
11.82782,-0.2158599,-0.1728565,True
11.83863,-0.2276547,-0.1306426,True
11.84979,-0.1939557,-0.1574456,True
11.86102,-0.252908,-0.09516782,True
11.87209,-0.2345624,-0.09933096,True
11.88323,-0.293201,-0.1893634,True
11.89416,-0.3287518,-0.2423398,True
11.90522,-0.2495112,-0.1493924,True
11.91652,-0.2435188,-0.08417463,True
11.92785,-0.249042,-0.1029294,True
11.93878,-0.2590525,-0.08732951,True
11.94965,-0.2654281,-0.09305787,True
11.96082,-0.2605562,-0.09797096,True
11.97192,-0.2511261,-0.08653748,True
11.98338,-0.2326665,-0.0700618,True
11.99403,-0.2238076,-0.06728983,True
12.00531,-0.2215061,-0.07627368,True
12.01652,-0.2318645,-0.08105481,True
12.02746,-0.2397652,-0.08184195,True
12.03857,-0.2228825,-0.07460761,True
12.04972,-0.09345055,-0.05984557,True
12.06084,-0.07706809,0.002070904,True
12.07191,-0.09409165,-0.007460952,True
12.08303,-0.1289632,0.09144831,True
12.09412,-0.1244285,0.07239318,True
12.1052,-0.1199932,0.04868221,True
12.11636,-0.1237195,0.03186417,True
12.12743,-0.1371446,0.05423403,True
12.13892,-0.149544,0.07508349,True
12.14956,-0.1420925,0.06787574,True
12.1607,-0.1427004,0.05934572,True
12.17181,-0.3385582,0.2567892,True
12.18307,-0.4406614,0.2678263,False
12.19398,-0.4486089,0.2715254,False
12.20512,-0.4650035,0.251603,False
12.21636,-0.4767659,0.206143,False
12.22746,-0.3364425,0.0735898,True
12.23859,-0.1083341,-0.004975677,True
12.24956,0.008298397,0.1172045,True
12.26062,-0.04028153,0.1788231,True
12.27178,-0.007154465,0.111259,True
12.28293,-0.1039596,0.0674386,True
12.29433,-0.1210155,0.2055587,True
12.30502,-0.138926,0.1436148,True
12.31631,-0.2190757,0.1303152,True
12.32738,-0.2798543,0.1655494,True
12.33844,-0.3070443,0.17565,True
12.34965,-0.2982547,0.1456954,True
12.36057,-0.2649142,0.1077918,True
12.3717,-0.2772547,0.1181773,True
12.383,-0.3083392,0.1190704,True
12.39396,-0.3276321,0.1326839,True
12.40533,-0.3639514,0.1273513,True
12.41618,-0.4599543,0.1027083,True
12.42764,-0.4360112,0.1082729,True
12.43839,-0.4337723,0.09547019,True
12.44965,0.04426765,0.08760166,True
12.46064,0.03443718,0.3340219,True
12.47174,0.04459894,0.1530304,True
12.48299,0.01782072,-0.06827915,True
12.49388,-0.02073491,-0.09849095,True
12.50504,-0.02703154,-0.03987527,True
12.51615,-0.02827555,-0.04080868,True
12.52757,-0.02248669,-0.07202017,True
12.5383,-0.06498104,-0.04259551,True
12.54947,-0.1122633,0.04451013,True
12.56062,-0.1153274,0.06456661,True
12.57167,-0.1132931,0.09200466,True
12.58281,-0.08082074,0.01699245,True
12.59381,-0.05966264,0.01750493,True
12.60526,-0.05065221,0.0281744,True
12.61599,-0.04873133,0.08978939,True
12.62728,-0.0479871,0.06799078,True
12.63835,-0.05099648,0.06872118,True
12.64939,-0.04510581,0.09767675,True
12.66054,-0.05693555,0.09623957,True
12.6721,-0.04551852,0.09539139,True
12.6829,-0.04099369,0.1181039,True
12.69384,-0.0309791,0.06320083,True
12.70504,-0.0254308,0.1269455,True
12.71618,0.0001039505,0.1251222,True
12.7271,0.03166199,0.1271665,True
12.73832,0.03165942,0.1257023,True
12.7494,0.03384417,0.1280057,True
12.76065,0.03376871,0.145153,True
12.77151,0.03376579,0.1432704,True
12.78272,0.02897543,0.1370871,True
12.79379,0.05717349,0.1470915,True
12.80536,0.05129278,0.1666759,True
12.81597,0.05201995,0.2009894,True
12.82718,0.0559867,0.2014258,True
12.83823,0.04289198,0.2158147,True
12.84937,0.0212568,0.201625,True
12.86037,0.01902723,0.1633439,True
12.87185,0.01310349,0.1694092,True
12.88266,0.03117144,0.2059013,True
12.89364,0.03141952,0.1720783,True
12.90473,0.0052104,0.2053887,True
12.91627,0.003868103,0.2432573,True
12.92741,0.001885176,0.2663493,True
12.93818,-0.03006268,0.2621844,True
12.94937,0.01634777,0.2701595,True
12.96031,-0.117043,0.2713842,True
12.97156,-0.2031345,0.3061887,True
12.98283,-0.2278385,0.3065497,True
12.99374,-0.2359847,0.3252527,True
13.00481,-0.2351937,0.309191,True
13.01603,-0.2775806,0.2982095,True
13.02706,-0.2823763,0.3721541,True
13.03806,-0.3133696,0.3699864,True
13.04938,-0.3294718,0.3737882,False
13.06031,-0.324701,0.3491646,True
13.07165,-0.3315673,0.4106458,False
13.08244,-0.2946382,0.3820759,True
13.09367,-0.2892845,0.4096519,False
13.10477,-0.2903935,0.4080859,False
13.11594,-0.2759161,0.4007641,True
13.12703,-0.2735912,0.3753196,True
13.13817,-0.2711947,0.3754842,True
13.14935,-0.2416428,0.4072471,True
13.16024,-0.2592202,0.4310308,False
13.17133,-0.2533576,0.4518094,False
13.1826,-0.1990461,0.3264959,True
13.19356,-0.1912603,0.3240796,True
13.20472,-0.1768899,0.2856637,True
13.21591,-0.1408859,0.3023658,True
13.2274,-0.1395407,0.2924773,True
13.238,-0.1331191,0.2526944,True
13.24924,-0.1174273,0.2461777,True
13.26025,-0.1137322,0.2566322,True
13.27146,-0.1165112,0.2602081,True
13.28247,-0.09295499,0.2549708,True
13.29365,-0.07574713,0.1876479,True
13.30467,-0.09267664,0.2729909,True
13.3159,-0.1415409,0.2054592,True
13.32699,-0.1603087,0.2208046,True
13.33816,-0.1529242,0.1970655,True
13.34904,-0.1481384,0.1695396,True
13.36022,-0.1548717,0.183609,True
13.37123,-0.1457669,0.2148805,True
13.38262,-0.06866729,0.3052119,True
13.39343,-0.06892204,0.3224454,True
13.4047,-0.06915057,0.3365539,True
13.41577,-0.04287124,0.5054343,False
13.4268,-0.03645897,0.3892137,True
13.43809,-0.02144027,0.3942457,True
13.44904,-0.0196209,0.3628322,True
13.46019,-0.0002129078,0.3891281,True
13.47126,0.04543352,0.3906639,True
13.48241,0.002340078,0.3802242,True
13.49358,-0.1387402,0.1785145,True
13.50458,-0.1220595,0.08819413,True
13.51575,-0.112595,0.05437744,True
13.52696,-0.07756674,0.07103336,True
13.53813,-0.1378678,0.1118544,True
13.54887,-0.07734013,0.05536127,True
13.56008,-0.07018673,0.06251454,True
13.57114,-0.06482673,0.09749949,True
13.58228,-0.02772391,0.1328038,True
13.5934,0.003425241,0.1336918,True
13.60443,0.008719325,0.1321349,True
13.61568,0.02742922,0.145871,True
13.62676,0.04095864,0.1534407,True
13.63784,0.04043424,0.1509265,True
13.64899,0.01083851,0.205725,True
13.66017,-0.006259561,0.218876,True
13.6712,0.002085328,0.2113211,True
13.6823,0.01711357,0.2197646,True
13.69372,0.02507842,0.2346943,True
13.70441,0.02763891,0.2116171,True
13.71573,0.03943682,0.1728361,True
13.7279,0.04254282,0.1644503,True
13.7377,0.0374155,0.149453,True
13.7492,0.04282808,0.1514559,True
13.76002,0.04209113,0.1473698,True
13.77113,0.0417515,0.1337695,True
13.78239,0.02682567,0.04785144,True
13.79331,0.02692568,0.03945574,True
13.80465,0.02557898,0.03966355,True
13.81558,-0.001758456,0.001344651,True
13.82673,-0.1570058,-0.0006234646,True
13.83773,-0.1805704,0.02789134,True
13.84949,-0.2518528,0.04574388,True
13.85989,-0.250683,0.04689196,True
13.87116,-0.2466002,0.04164061,True
13.88252,-0.2317334,0.0324927,True
13.89325,-0.2320378,0.05633637,True
13.90435,-0.2330172,0.0612601,True
13.91562,-0.2320904,0.1026511,True
13.92656,-0.2335725,0.1104525,True
13.93795,-0.2453766,0.1139358,True
13.94889,-0.2539541,0.114547,True
13.9601,-0.2610297,0.1142987,True
13.97098,-0.2497787,0.1147172,True
13.98217,-0.2329594,0.1216126,True
13.99316,-0.2303187,0.1243233,True
14.00441,-0.2403634,0.1239031,True
14.01562,-0.2432117,0.205592,True
14.02658,-0.2572163,0.205731,True
14.03769,-0.2530403,0.1820967,True
14.04874,-0.2729386,0.188714,True
14.05981,-0.2734772,0.1884043,True
14.07097,-0.2737005,0.1886244,True
14.08213,-0.3115946,0.2227651,True
14.09319,-0.3123591,0.2224599,True
14.10436,-0.3238547,0.223649,True
14.11541,-0.3133945,0.2237926,True
14.12663,-0.3115106,0.2237384,True
14.13756,-0.1418943,0.02711156,True
14.14875,-0.03259432,0.2302526,True
14.16025,-0.03537488,0.111414,True
14.17094,-0.05184138,0.08595245,True
14.18211,-0.05180383,0.1211516,True
14.19314,-0.06730711,0.1265116,True
14.20418,-0.07822835,0.126952,True
14.2153,-0.07279098,0.1481813,True
14.22664,-0.06379998,0.1690226,True
14.23754,-0.07100093,0.142522,True
14.2489,-0.07806373,0.1385607,True
14.25982,-0.07746756,0.1178626,True
14.27085,-0.08141625,0.1173478,True
14.28191,-0.07961345,0.1083657,True
14.29309,-0.08440089,0.1097315,True
14.30419,-0.08440042,0.1097319,True
14.31551,-0.09496725,0.1009868,True
14.32639,-0.08808589,0.09161318,True
14.3377,-0.08787549,0.08943123,True
14.3486,-0.08782363,0.0536066,True
14.35968,-0.09426057,0.05236708,True
14.37079,-0.08853984,0.04561746,True
14.38193,-0.08802521,0.0489374,True
14.39298,-0.09424412,0.04147118,True
14.4042,-0.1028091,0.06504666,True
14.41537,-0.09791327,0.06368478,True
14.42642,-0.1126992,0.05427389,True
14.43762,-0.09892619,0.04718138,True
14.44866,-0.09165108,0.1507401,True
14.45994,-0.09169745,0.1375468,True
14.47106,-0.1006277,0.1508888,True
14.48185,-0.0871917,0.2136459,True
14.49296,-0.1309153,0.1540546,True
14.50418,-0.1416508,0.2145184,True
14.51549,-0.1170886,0.2016934,True
14.52634,-0.1096337,0.2244973,True
14.53738,-0.1123675,0.2244207,True
14.54854,-0.0955354,0.2486854,True
14.55978,-0.1019769,0.2509063,True
14.57115,-0.1098759,0.239024,True
14.58184,-0.0902015,0.2383741,True
14.59289,-0.08478689,0.2285382,True
14.60406,-0.08752847,0.2168376,True
14.61519,-0.07714701,0.3515065,True
14.62652,-0.04706371,0.3416088,True
14.63783,-0.04039586,0.3416741,True
14.64862,-0.05281723,0.3471756,True
14.65982,-0.03608358,0.347401,True
14.6707,-0.03608406,0.3474009,True
14.68179,-0.06157947,0.2885619,True
14.69289,-0.04614794,0.3480136,True
14.70399,-0.06310058,0.3477955,True
14.71522,-0.03176343,0.5912479,False
14.72621,0.006909609,0.5918061,False
14.7373,0.006798148,0.591695,False
14.74837,-0.02275074,0.3756019,True
14.75961,-0.0008835793,0.493244,True
14.77061,-0.001421213,0.4799914,True
14.78225,-0.03499055,0.5786853,False
14.79307,-0.03475451,0.4820643,True
14.80945,-0.005240083,0.6281764,False
14.81526,-0.005686164,0.6258138,False
14.82625,-0.003121614,0.6296339,False
14.83759,-0.003902197,0.6317721,False
14.84843,-0.01471567,0.6189653,False
14.85956,-0.01471579,0.6189666,False
14.87146,-0.08473396,0.617667,False
14.88473,-0.1019968,0.4451264,True
14.89331,-0.1032019,0.4451861,True
14.91599,-0.09245038,0.4562771,True
14.92545,-0.1595678,0.3465818,True
14.93428,-0.1607708,0.3128621,True
14.93803,-0.1608046,0.3129285,True
14.95007,-0.1614259,0.3119496,True
14.9543,-0.1601831,0.3095469,True
14.96564,-0.1614329,0.3228662,True
14.97662,-0.1605196,0.3252809,True
14.98782,-0.1741632,0.2426929,True
14.99872,-0.15418,0.3291444,True
15.01026,-0.1541805,0.3291442,True
15.02141,-0.1492201,0.3268436,True
15.03236,-0.1204977,0.3388139,True
15.04318,-0.1213707,0.3693336,True
15.05435,-0.1136484,0.4043091,True
15.06545,-0.1284819,0.4524658,True
15.07656,-0.1344486,0.4036682,True
15.0878,-0.1353455,0.3956412,True
15.09887,-0.1363331,0.4536432,True
15.10983,-0.1383187,0.5017105,False
15.12093,-0.1438895,0.501051,False
15.13216,-0.1382073,0.5005978,False
15.14321,-0.1379112,0.5291417,False
15.15423,-0.1444482,0.5026167,False
15.16552,-0.1459029,0.5064273,False
15.17644,-0.1474624,0.5058711,False
15.18758,-0.1695302,0.5094801,False
15.19869,-0.1676265,0.5043272,False
15.2098,-0.1685199,0.5043333,False
15.22098,-0.1660506,0.444767,True
15.23242,-0.1370479,0.4092084,True
15.24331,-0.1349982,0.3727659,True
15.25429,-0.1360531,0.4117116,True
15.26536,-0.1068165,0.4150159,True
15.27646,-0.1070389,0.4265385,True
15.28757,-0.09952533,0.4261054,True
15.29881,-0.09125996,0.2879745,True
15.30977,-0.0918926,0.2878752,True
15.32085,-0.07170606,0.2797904,True
