0.02553415,0.5809952,-0.3063909,False
0.03338051,0.7398882,-0.2682675,False
0.04347515,0.6974922,-0.2694621,False
0.05466318,0.8413212,-0.09215105,False
0.06566381,0.8695712,-0.1930518,False
0.07716656,0.766045,-0.04311621,False
0.08793211,0.78465,-0.1679704,False
0.09927511,0.6489203,-0.1040637,False
0.1100802,0.7264141,-0.2195772,False
0.1213865,0.704693,-0.1419889,False
0.1324615,0.6491015,-0.1499196,False
0.143415,0.5061483,-0.182454,False
0.1545987,0.5853924,-0.1933093,False
0.1659002,0.5212814,-0.118627,False
0.1767759,0.5758511,-0.1258238,False
0.1878986,0.4900702,-0.1289496,False
0.1990891,0.5320305,-0.1195284,False
0.2100768,0.5706968,-0.2792171,False
0.2211547,0.5469306,-0.1211085,False
0.2329388,0.5514818,-0.08556533,False
0.2436075,0.5255542,-0.1338964,False
0.2546468,0.4893353,-0.1637065,False
0.2656374,0.4572223,-0.152919,True
0.2767472,0.4491516,-0.1506634,True
0.2877841,0.462623,-0.1476927,True
0.2989211,0.4270574,-0.1662702,True
0.3100619,0.4284613,-0.1766167,True
0.3212094,0.4350972,-0.1644526,True
0.3325825,0.4874419,-0.1739534,False
0.3433623,0.5258091,-0.1585234,False
0.354588,0.5379843,-0.1365869,False
0.3656654,0.4741775,-0.1017663,True
0.3766952,0.4967687,-0.1934728,False
0.3880634,0.4686606,-0.1270181,True
0.3991208,0.3953875,-0.1227289,True
0.4103789,0.3907738,-0.1482283,True
0.4216056,0.3838405,-0.1603712,True
0.4329534,0.3822617,-0.1746227,True
0.4440155,0.3915318,-0.1756733,True
0.4553714,0.3924552,-0.1715712,True
0.4663405,0.4265626,-0.151857,True
0.4776063,0.4516474,-0.1458158,True
0.4885931,0.4788156,-0.1622422,False
0.4996862,0.4850661,-0.1547863,False
0.5108809,0.4898255,-0.1907859,False
0.5219679,0.4816434,-0.1819669,False
0.5331502,0.4254974,-0.1813949,True
0.5443754,0.4448586,-0.1803515,True
0.5552969,0.5047806,-0.1699684,False
0.5663247,0.6775386,0.005129516,False
0.5773916,0.9633924,0.2888712,False
0.5885754,1.330632,0.4849243,False
0.5997581,2.536174,1.19137,False
0.6106796,3.201947,1.255616,False
0.6219392,3.656867,1.296665,False
0.6331615,4.021659,1.249437,False
0.644125,4.084694,1.176628,False
0.6552439,3.957422,1.166261,False
0.6663108,3.945631,1.197246,False
0.6776686,3.826279,1.269035,False
0.6883693,3.908538,1.178967,False
0.6998539,3.757155,1.155386,False
0.7106795,3.793059,1.131671,False
0.721756,3.751738,1.145256,False
0.7329998,3.771591,1.156456,False
0.7440553,3.773251,1.159902,False
0.7551227,3.769234,1.15501,False
0.7663007,3.761912,1.151818,False
0.7773595,3.766239,1.153907,False
0.7887335,3.705456,1.150393,False
0.7996483,3.735008,1.154975,False
0.810638,3.732742,1.202735,False
0.8217044,3.718072,1.178446,False
0.8330112,3.72726,1.140102,False
0.8439059,3.759493,1.148714,False
0.8552814,3.738805,1.150594,False
0.8661485,3.703049,1.142146,False
0.8772516,3.755058,1.155372,False
0.8884058,3.780363,1.124937,False
0.899477,3.032465,0.9809097,False
0.9105449,2.361861,0.9525582,False
0.9217391,1.606998,0.7076809,False
0.9329791,0.7956224,0.6731919,False
0.9439449,0.2953144,0.6098171,False
0.955008,0.305491,0.6434615,False
0.9661808,0.4296471,0.5767701,False
0.9773045,0.5613756,0.5945735,False
0.9883375,0.6858368,0.6718306,False
0.9994197,0.6893088,0.449514,False
1.010771,0.7434961,0.3671623,False
1.021767,0.7710419,0.3405116,False
1.033783,0.9665884,0.4289089,False
1.044828,1.066674,0.3692705,False
1.05521,1.066674,0.3692698,False
1.066363,1.066674,0.3692704,False
1.07777,1.057549,0.359632,False
1.088878,1.122252,0.4262476,False
1.099885,1.242558,0.3750677,False
1.110903,1.130487,0.2593927,False
1.121912,1.12109,0.1687472,False
1.133276,1.143122,0.1039101,False
1.144269,1.199316,0.09198701,False
1.155351,1.150504,-0.01900697,False
1.166668,1.195641,-0.00799489,False
1.177515,1.246284,0.1112481,False
1.188663,1.273149,0.1280125,False
1.199718,1.298049,0.1269599,False
1.210919,1.287792,0.0811134,False
1.221937,1.293779,-0.008915424,False
1.233699,1.357655,0.1221687,False
1.244779,1.378025,0.1256223,False
1.25517,1.323021,0.1388947,False
1.26629,1.306655,0.08160126,False
1.277311,1.32105,0.1002637,False
1.288413,1.311364,0.03374857,False
1.299481,1.232356,-0.04044926,False
1.310444,1.051465,-0.04736626,False
1.32176,0.7681032,0.07450938,False
1.332918,-0.03602862,-0.01004237,True
1.343701,-0.1571358,-0.08252257,True
1.354719,-0.1489114,-0.113506,True
1.366158,-0.1567667,-0.1530095,True
1.377171,-0.1418325,-0.151427,True
1.38812,-0.1334488,-0.1533622,True
1.399292,-0.08995509,-0.1401848,True
1.410419,0.008395314,-0.09328038,True
1.421515,0.0723927,-0.0763343,True
1.432712,0.09906077,-0.05922914,True
1.4437,0.08065498,-0.04468179,True
1.455027,0.0715487,-0.06615704,True
1.465845,0.1195495,-0.03206694,True
1.477214,0.1344215,0.05422473,True
1.488142,0.0488205,-0.06457561,True
1.49923,0.03895974,-0.05305165,True
1.510282,0.1526535,-0.01756173,True
1.522367,0.1648321,-0.02589452,True
1.532833,0.2028096,0.06006098,True
1.543653,0.2198155,0.09057915,True
1.554907,0.1936975,0.1145899,True
1.565962,0.0470289,0.3358612,True
1.577001,0.0269829,0.4662113,True
1.593645,0.2522471,0.6994583,False
1.599293,0.284384,0.7401797,False
1.610287,0.3219274,0.6980301,False
1.621299,0.3741515,0.8127685,False
1.6329,0.35124,0.8285128,False
1.643688,0.3420854,0.7940217,False
1.654995,0.3638321,0.813614,False
1.66589,0.3642629,0.7897196,False
1.676942,0.3850964,0.8033158,False
1.688174,0.4053276,0.7888299,False
1.699125,0.4101837,0.794626,False
1.710391,0.4238898,0.7948357,False
1.721559,0.4383358,0.788692,False
1.732576,0.4262805,0.7643953,False
1.743614,0.411445,0.7211455,False
1.754722,0.4078914,0.7069067,False
1.765818,0.4383737,0.6825983,False
1.776825,0.4291824,0.6837848,False
1.788122,0.4328703,0.6817738,False
1.799407,0.4329422,0.6736648,False
1.810185,0.4316999,0.67286,False
1.821319,0.4412059,0.6681762,False
1.83249,0.4391978,0.6492434,False
1.843556,0.4392105,0.5361786,False
1.855063,0.363627,0.5220775,False
1.86582,-0.02745366,-0.05470031,True
1.876844,0.04144847,-0.1337979,True
1.887938,-0.031039,-0.1234291,True
1.899444,-0.008933067,-0.1432429,True
1.910072,-0.01591206,-0.1663012,True
1.921344,-0.01037264,-0.1142065,True
1.932516,-0.04363894,-0.07079664,True
1.943705,-0.03005373,-0.06995288,True
1.954559,0.07842445,-0.08174454,True
1.966461,-0.03768706,0.01232026,True
1.97683,0.04904342,0.09155457,True
1.987895,0.06230521,0.06893981,True
1.999047,0.03748345,0.1298932,True
2.010119,0.057253,0.1383005,True
2.021071,0.05520678,0.1887441,True
2.032516,0.1248424,0.2198601,True
2.043487,0.1094173,0.2127723,True
2.054542,0.06656075,0.1853083,True
2.065572,0.009740829,0.09502874,True
2.076788,0.03695977,0.1274905,True
2.087852,0.05817151,0.1320287,True
2.099157,0.08471882,0.1369016,True
2.110158,0.05176604,0.1063325,True
2.121388,0.03907573,0.07970605,True
2.132432,0.04228759,0.07472866,True
2.143382,0.05743253,0.07339729,True
2.154523,0.07902694,0.07622631,True
2.165646,0.1148906,0.10149,True
2.176876,0.1109464,0.1062716,True
2.187773,0.1098502,0.09365228,True
2.199407,0.1335703,0.09365466,True
2.210378,0.150213,0.09195864,True
2.221289,0.1505241,0.09008491,True
2.232416,0.1428484,0.07891002,True
2.243381,0.1393878,0.07598285,True
2.25481,0.149022,0.07705912,True
2.265696,0.168705,0.06567124,True
2.276738,0.1736084,0.05474702,True
2.287954,0.1932205,0.07566229,True
2.298855,0.2239584,0.08841276,True
2.309987,0.2291967,0.1018883,True
2.321104,0.2289008,0.09452961,True
2.332246,0.2476408,0.03682715,True
2.343279,0.2410712,0.02258092,True
2.354422,0.2320609,0.007519245,True
2.365582,0.2245319,-0.03843188,True
2.376911,0.2130529,-0.0403778,True
2.387672,0.2771951,0.05707529,True
2.398821,0.3162456,0.09996174,True
2.410188,0.3186522,0.09288308,True
2.420901,0.4006549,0.07429433,True
2.432233,0.4853405,0.1090018,True
2.443211,0.3999997,0.06647044,True
2.454369,0.253737,0.01067281,True
2.465522,0.2290041,0.01649895,True
2.476569,0.2321897,0.04273871,True
2.487917,-0.05521154,-0.02382502,True
2.498891,-0.2777224,-0.1975881,True
2.509855,-0.2467158,-0.1140792,True
2.521036,-0.2429385,-0.07483926,True
2.532924,-0.2600446,-0.1661724,True
2.543287,-0.2518225,-0.1452944,True
2.55428,-0.2617707,-0.05407315,True
2.565651,-0.2601871,-0.05857673,True
2.576411,-0.2638843,-0.06856593,True
2.587631,-0.2658672,-0.07802981,True
2.599176,-0.263226,-0.085365,True
2.609892,-0.2586312,-0.08869141,True
2.620874,-0.2509987,-0.08317778,True
2.632566,-0.2447786,-0.07956928,True
2.643106,-0.2501523,-0.06408316,True
2.654167,-0.2494323,-0.06984547,True
2.665339,-0.2406735,-0.07105121,True
2.676529,-0.2400365,-0.07167625,True
2.68762,-0.2401381,-0.07052389,True
2.699499,-0.2419314,-0.06613353,True
2.70977,-0.2465467,-0.07014275,True
2.721068,-0.2427509,-0.0588043,True
2.732121,-0.261024,-0.07484797,True
2.743062,-0.259645,-0.07735929,True
2.754496,-0.2553668,-0.07911494,True
2.765385,-0.2568786,-0.08122429,True
2.776391,-0.2583919,-0.08354464,True
2.7878,-0.2462866,-0.08241013,True
2.798611,-0.2353778,-0.07898241,True
2.809745,-0.2349668,-0.08254188,True
2.820792,-0.2389827,-0.07460362,True
2.832316,-0.2274184,-0.1095753,True
2.843079,-0.2197602,-0.1308717,True
2.854105,-0.2123322,-0.1340554,True
2.865401,-0.1942677,-0.1567114,True
2.876546,-0.1915643,-0.1626889,True
2.887459,-0.1905146,-0.1748127,True
2.898586,-0.1887617,-0.2075437,True
2.909782,-0.1917906,-0.2164739,True
2.920765,-0.1957035,-0.2141925,True
2.932182,-0.1754847,-0.2219807,True
2.943006,-0.1517761,-0.174129,True
2.954071,-0.1351843,-0.1773578,True
2.965267,-0.1357405,-0.1935274,True
2.976336,-0.1472878,-0.1791485,True
2.987659,-0.170804,-0.1823097,True
2.998487,-0.1901228,-0.1996658,True
3.00955,-0.1851523,-0.1809652,True
3.020734,-0.1839964,-0.1588021,True
3.032258,-0.1382923,0.005813599,True
3.042849,-0.1371765,0.02180696,True
3.054124,-0.1401517,0.04238826,True
3.065238,-0.1044841,0.007877946,True
3.076405,-0.06371284,0.02341306,True
3.087333,-0.03533173,0.06019819,True
3.098537,-0.04426527,0.08365825,True
3.109583,-0.01772547,0.1025232,True
3.1208,-0.08387065,0.1070178,True
3.131818,-0.1628098,-0.01653022,True
3.143412,-0.1723609,-0.01914006,True
3.153967,-0.1765597,-0.01935172,True
3.165133,-0.1685686,0.0527555,True
3.176247,-0.1481605,0.06591871,True
3.187589,-0.1098371,0.08689392,True
3.198527,-0.08003235,0.1092005,True
3.20947,-0.05319405,0.1361003,True
3.220721,-0.04447913,0.1450777,True
3.231781,-0.04662514,0.1282453,True
3.243097,-0.05409193,0.1220961,True
3.253955,-0.06572437,0.1191966,True
3.265114,-0.07523298,0.1041849,True
3.276213,-0.07935882,0.09191141,True
3.287233,-0.07904243,0.08806691,True
3.298596,-0.07883716,0.0890027,True
3.309535,-0.08184671,0.08744854,True
3.32068,-0.08153749,0.08900636,True
3.33176,-0.07996368,0.1183887,True
3.342987,-0.0784936,0.114626,True
3.353939,-0.07384276,0.1220327,True
3.364986,-0.06430006,0.1295363,True
3.376163,-0.0726254,0.1308086,True
3.387251,-0.06294417,0.1280708,True
3.398305,-0.06901264,0.1081373,True
3.409419,-0.1012816,0.08644256,True
3.420594,-0.1280837,0.07074243,True
3.43172,-0.1149247,0.07184041,True
3.442825,-0.06840301,0.1121021,True
3.453841,-0.005405664,0.1637281,True
3.464961,0.05196333,0.2121312,True
3.476151,0.04947686,0.2167965,True
3.487234,0.05477667,0.2106557,True
3.498604,-0.0006239414,0.1668614,True
3.509423,-0.02730107,0.1274737,True
3.520473,-0.0423615,0.1265643,True
3.53161,-0.03815341,0.09600458,True
3.5427,-0.03836513,0.1005785,True
3.553824,-0.04075122,0.1005823,True
3.56514,-0.04664564,0.07680982,True
3.575979,-0.04715991,0.07058454,True
3.587283,-0.04964495,0.06498352,True
3.598226,-0.03833199,0.05211136,True
3.609339,-0.03263092,0.05169225,True
3.620455,-0.02724767,0.06257564,True
3.631564,-0.01926851,0.06754524,True
3.642621,-0.01512051,0.05157512,True
3.654675,-0.01387501,0.04162502,True
3.664888,-0.01542759,0.03748184,True
3.675943,-0.01501465,0.04400915,True
3.687105,-0.0187428,0.04214624,True
3.698371,-0.01822019,0.02588126,True
3.709348,-0.01739216,0.02577734,True
3.720398,-0.01832342,0.02308488,True
3.732404,-0.02784514,0.01024789,True
3.742688,-0.03043485,0.009937823,True
3.753665,-0.03261089,0.01169825,True
3.764827,-0.02960753,0.01252642,True
3.775885,-0.02360415,0.02225852,True
3.787417,-0.02557325,0.02474502,True
3.798208,-0.01376963,0.03271514,True
3.809541,-0.01894784,0.03261465,True
3.820323,-0.02247,0.03468832,True
3.831429,-0.02298617,0.03085524,True
3.842661,-0.02163982,0.03157985,True
3.854432,-0.01169848,0.03447461,True
3.86491,-0.003830194,0.03229603,True
3.875873,0.0002069473,0.009933084,True
3.887201,-0.001035213,-0.02018127,True
3.898227,-0.006007671,-0.06380686,True
3.909181,0.01160789,-0.09110387,True
3.92045,0.01700377,-0.1022299,True
3.932467,0.02043748,-0.1138079,True
3.942521,0.01246238,-0.1379174,True
3.953575,0.01236653,-0.151101,True
3.964964,0.0158844,-0.1302951,True
3.975852,0.02190089,-0.1232044,True
3.986872,0.04308319,-0.1203218,True
3.998042,0.06571078,-0.1440025,True
4.009178,0.06098437,-0.1646373,True
4.020322,0.05891633,-0.1701929,True
4.031408,0.0523746,-0.1781565,True
4.042604,0.04791141,-0.1859181,True
4.05363,0.04573536,-0.1913811,True
4.064876,0.04127479,-0.1987625,True
4.075823,0.04022503,-0.1966416,True
4.086846,0.03967738,-0.1852649,True
4.098132,0.0430994,-0.1772902,True
4.109116,0.04873157,-0.1799317,True
4.120455,0.04279089,-0.1794932,True
4.131382,0.05019116,-0.1376884,True
4.142553,0.05143166,-0.1347612,True
4.153911,0.05610752,-0.1332027,True
4.16465,0.06376767,-0.1215126,True
4.175899,0.06500268,-0.1175452,True
4.186813,0.06782389,-0.1220423,True
4.197923,0.08642411,-0.1172758,True
4.209111,0.09258604,-0.1229289,True
4.220203,0.09465766,-0.1207384,True
4.231473,0.05841541,-0.1401132,True
4.242551,0.03658581,-0.146029,True
4.253586,0.01942325,-0.138664,True
4.264751,0.003635168,-0.1407228,True
4.275857,0.01609445,-0.1331164,True
4.286792,0.03042531,-0.129698,True
4.297894,0.06584573,-0.1209945,True
4.309338,0.05733132,-0.1245292,True
4.320199,0.04288101,-0.1230377,True
4.331293,0.01453805,-0.1354134,True
4.342719,0.01256227,-0.1314378,True
4.353528,0.0154717,-0.1334286,True
4.364704,0.04907823,-0.1073916,True
4.375572,0.07222104,-0.1006532,True
4.386917,0.08572292,-0.09796908,True
4.397858,0.08770823,-0.1013057,True
4.409005,0.0738771,-0.09753336,True
4.420058,0.06796074,-0.1002293,True
4.431423,0.04367733,-0.1066524,True
4.443161,0.04067016,-0.1081074,True
4.453588,0.03568983,-0.1092457,True
4.466131,0.02873707,-0.1112153,True
4.476092,0.03475285,-0.1085142,True
4.493901,0.03216124,-0.1103867,True
4.520459,0.0397222,-0.1007039,True
4.523336,0.04161692,-0.1130198,True
4.525861,0.04161263,-0.1130074,True
4.53723,0.0498631,-0.070078,True
4.548316,0.05898976,-0.06593567,True
4.559395,0.05836415,-0.06282172,True
4.5705,0.05753255,-0.06157568,True
4.581755,0.06270885,-0.05161853,True
4.592765,0.06571317,-0.04747105,True
4.603872,0.06747198,-0.04311588,True
4.61512,0.07068467,-0.04031716,True
4.625957,0.06507516,-0.03409193,True
4.63726,0.07575321,0.03139928,True
4.648348,0.3654761,0.399003,False
4.659312,0.6236495,0.529636,False
4.670473,0.7685603,0.6673846,False
4.681617,0.8884248,0.6685084,False
4.69263,0.8398618,0.6863319,False
4.703689,0.8380187,0.6625305,False
4.71501,0.8497319,0.6725084,False
4.725992,0.8548257,0.6913645,False
4.737332,0.8923954,0.7449183,False
4.74823,0.9287509,0.8301369,False
4.75934,1.108416,0.9633604,False
4.770465,1.270597,1.297615,False
4.78153,1.304525,1.245013,False
4.792899,1.416384,1.375409,False
4.803751,1.374913,1.293205,False
4.815052,1.351324,1.267303,False
4.825862,1.348357,1.29365,False
4.837194,1.340181,1.297063,False
4.848306,1.346959,1.294089,False
4.85925,1.341847,1.29002,False
4.870325,1.339321,1.285212,False
4.881606,1.338268,1.285306,False
4.892742,1.339563,1.288771,False
4.903722,1.342577,1.290404,False
4.914798,1.348531,1.287525,False
4.926065,1.344058,1.292456,False
4.937061,1.349045,1.292962,False
4.948112,1.324544,1.348876,False
4.959201,1.318328,1.346555,False
4.970409,1.327969,1.258443,False
4.981364,1.327503,1.300676,False
4.992477,1.341976,1.301376,False
5.003654,1.345378,1.322196,False
5.014804,1.339571,1.285117,False
5.025849,1.34464,1.288568,False
5.037049,1.347915,1.286796,False
5.048318,1.351245,1.291263,False
5.059177,1.356514,1.288954,False
5.070323,1.36034,1.286359,False
5.081382,1.351293,1.251145,False
5.092383,1.352575,1.250707,False
5.103665,1.35487,1.236529,False
5.115558,1.366604,1.232774,False
5.127243,1.356225,1.29474,False
5.139101,1.384671,1.308082,False
5.150919,1.37248,1.283679,False
5.162708,1.383459,1.292895,False
5.174687,1.378836,1.289552,False
5.186336,1.381487,1.280055,False
5.197728,1.376839,1.279319,False
5.208797,1.374079,1.28596,False
5.21996,1.375716,1.292516,False
5.230932,1.377782,1.290106,False
5.242257,1.374804,1.290004,False
5.253096,1.373269,1.290192,False
5.264145,1.373929,1.292226,False
5.275238,1.375387,1.297,False
5.286337,1.380945,1.302991,False
5.297925,1.379564,1.318582,False
5.308461,1.375982,1.321892,False
5.319654,1.378345,1.321264,False
5.330835,1.380232,1.317412,False
5.341916,1.375622,1.318438,False
5.352996,1.371654,1.330997,False
5.37021,1.360364,1.338084,False
5.375279,1.357064,1.338917,False
5.386269,1.354085,1.338468,False
5.397511,1.350373,1.329938,False
5.409377,1.375247,1.285063,False
5.419614,1.3802,1.309471,False
5.430735,1.386881,1.345504,False
5.442216,1.391205,1.353956,False
5.453003,1.39131,1.360494,False
5.464026,1.393041,1.355097,False
5.475325,1.391293,1.355996,False
5.486411,1.391037,1.358839,False
5.497408,1.395833,1.3603,False
5.508448,1.356109,1.373691,False
5.519577,1.130413,1.179937,False
5.53105,0.4893377,0.8296418,False
5.542128,0.1923583,0.7041188,False
5.553194,-0.06266785,0.4861221,True
5.564089,-0.1147523,0.1504695,True
5.575121,-0.070961,-0.01191321,True
5.586248,-0.01021338,-0.203642,True
5.597486,-0.09758878,-0.1458639,True
5.60855,-0.103724,-0.1794059,True
5.620473,-0.01938343,-0.09028488,True
5.630643,0.04502988,-0.1080103,True
5.642694,0.0141983,-0.08456749,True
5.65277,0.04206514,-0.04703869,True
5.664026,0.123436,-0.08623923,True
5.675084,0.1108623,-0.0188747,True
5.68646,0.1005528,-0.02228759,True
5.697209,0.03191447,-0.06040968,True
5.708485,-0.003416538,-0.04058589,True
5.719437,0.05200338,-0.0295237,True
5.730592,0.1411407,-0.0164099,True
5.742418,0.1129584,-0.07277974,True
5.752884,0.1294754,-0.03374468,True
5.764553,0.06169915,-0.07632047,True
5.775009,0.02860618,-0.07856415,True
5.786201,0.01979351,-0.07647853,True
5.797596,-0.01316261,-0.09069042,True
5.808295,-0.01908493,-0.1104666,True
5.819478,-0.02959681,-0.1316786,True
5.830545,-0.0100565,-0.1034685,True
5.841864,0.02664495,-0.09579918,True
5.852726,0.03825355,-0.08158675,True
5.863876,0.06033349,-0.06095594,True
5.874994,0.0543139,-0.05970415,True
5.88603,0.05918574,-0.0556618,True
5.897109,0.06302381,-0.05483466,True
5.908341,0.05752516,-0.05462299,True
5.919443,0.05690527,-0.05711202,True
5.930437,0.05669379,-0.05275482,True
5.941639,0.0515933,-0.03480999,True
5.952668,0.04858804,-0.03625959,True
5.963955,0.1260786,0.01068811,True
5.974916,0.1385343,0.02211977,True
5.986053,0.1427238,0.02503347,True
5.997263,0.1399364,0.04145072,True
6.008252,0.1181045,0.04379613,True
6.019372,0.1150441,0.02593385,True
6.030465,0.0497303,-0.03760824,True
6.041718,0.04548264,-0.04175293,True
6.052586,0.04527092,-0.03615429,True
6.064549,0.03677464,-0.04174718,True
6.074817,0.04537487,-0.03667304,True
6.086084,0.05303907,-0.02765872,True
6.097301,0.05064821,-0.02071503,True
6.108218,0.0549016,-0.0242396,True
6.119413,0.06184816,-0.02248086,True
6.130368,0.05614138,-0.01999159,True
6.14154,0.04991889,-0.01719216,True
6.152868,0.05696702,-0.0162617,True
6.164428,0.05395722,-0.01284239,True
6.174815,0.05302644,-0.01449931,True
6.185863,0.05416942,-0.01760814,True
6.19709,0.05271959,-0.01864408,True
6.208119,0.05282545,-0.02133754,True
6.219414,0.05313969,-0.0248607,True
6.230362,0.04702091,-0.02133536,True
6.241465,0.04163265,-0.02340567,True
6.252583,0.03904366,-0.02537327,True
6.263731,0.04370522,-0.023303,True
6.274837,0.04464221,-0.02796635,True
6.285869,0.04598927,-0.02755257,True
6.297002,0.03831506,-0.02029656,True
6.308366,0.03852224,-0.02060683,True
6.319094,0.03945374,-0.01926115,True
6.33042,0.03903699,-0.0161534,True
6.341438,0.04089999,-0.0133573,True
6.35256,0.03758454,-0.01335666,True
6.363571,0.04172921,-0.01283988,True
6.37493,0.03768802,-0.01294258,True
6.386064,0.03716993,-0.01221755,True
6.397007,0.03033066,-0.008074343,True
6.408089,0.03105307,-0.003105462,True
6.419171,0.03374577,-0.002898395,True
6.430255,0.03343391,0.001241922,True
6.441506,0.02328968,-0.01004019,True
6.452404,0.02070355,-0.01594168,True
6.463861,0.01210928,-0.014801,True
6.474727,0.009315014,-0.01407564,True
6.486055,0.007036686,-0.01314357,True
6.496884,0.0155232,-0.004346311,True
6.507967,0.01997399,-0.001552463,True
6.519162,0.02597904,0.002484143,True
6.530299,0.03706241,0.006315082,True
6.541448,0.03841043,0.009628624,True
6.552341,0.03395605,0.009006739,True
6.563513,0.03208852,0.002277017,True
6.574671,0.03871703,0.0005171001,True
6.585882,0.0312593,-0.001966596,True
6.596828,0.02453613,-0.01832417,True
6.60791,0.0254705,-0.023296,True
6.619354,0.01967192,-0.02764443,True
6.630161,0.01283383,-0.01407668,True
6.641394,0.00869298,-0.01003852,True
6.652395,0.009830236,-0.0001035929,True
6.664014,0.009314299,-0.008796513,True
6.674603,0.00765729,0.001448393,True
6.685941,0.008072376,0.0104517,True
6.696785,0.006934404,0.01573053,True
6.70785,0.005485058,0.01562667,True
6.718951,0.006519556,0.01428145,True
6.730161,0.01117849,0.01686984,True
6.741392,0.01035023,0.01604176,True
6.752368,0.0144887,0.009831965,True
6.763463,0.02080584,0.01594093,True
6.77506,0.02867889,0.02008528,True
6.78599,0.02091265,0.02474272,True
6.796776,0.01935816,0.02236027,True
6.807892,0.01873708,0.02049607,True
6.818909,0.02236032,0.01935819,True
6.830232,0.01759291,0.0006209314,True
6.84137,0.025877,-0.006727904,True
6.852322,0.02101159,-0.009108573,True
6.863316,0.01179767,-0.00972864,True
6.874544,0.01148748,-0.009520888,True
6.885942,0.01542211,-0.01242012,True
6.896724,0.01738906,-0.0132491,True
6.90782,0.0254662,-0.01418254,True
6.918923,0.01418018,-0.01283419,True
6.930228,0.00869298,-0.009521335,True
6.941206,0.006622553,-0.009002805,True
6.952413,0.006622314,-0.009003192,True
6.963421,0.00144887,-0.01272833,True
6.974488,0.001137972,-0.009830028,True
6.985545,0.001345158,-0.008381695,True
6.996924,0.0006206036,-0.01272795,True
7.00779,0.00320816,-0.01065841,True
7.018835,0.03260493,-0.0008281767,True
7.02995,0.09276974,0.02705324,True
7.041238,0.1019194,0.03120813,True
7.052101,0.103377,0.03100222,True
7.063348,0.1031662,0.02944615,True
7.074341,0.07355905,0.01740548,True
7.085762,0.02266645,-0.004761308,True
7.096604,-0.02349663,-0.01097229,True
7.107766,-0.03873301,-0.02609807,True
7.118818,-0.04587841,-0.0200918,True
7.129865,-0.04587841,-0.01967704,True
7.141163,-0.05002356,-0.01791769,True
7.152352,-0.05012584,-0.01708859,True
7.163274,-0.04566836,-0.0160512,True
7.174311,-0.04027891,-0.01460057,True
7.185514,-0.04328346,-0.01387578,True
7.196619,-0.04276514,-0.0138759,True
7.207883,-0.03944874,-0.0121147,True
7.218838,-0.0392437,-0.01449612,True
7.22998,-0.03820896,-0.01812106,True
7.241174,-0.03592777,-0.01418516,True
7.252142,-0.03634238,-0.01470277,True
7.263239,-0.03789496,-0.01294234,True
7.274339,-0.04142189,-0.01874384,True
7.285778,-0.03292394,-0.01511621,True
7.296566,-0.03603315,-0.01656675,True
7.307771,-0.03313541,-0.02195224,True
7.318699,-0.0343771,-0.01977718,True
7.329849,-0.03458452,-0.01957026,True
7.340957,-0.0312686,-0.01925835,True
7.352099,-0.02743554,-0.01842868,True
7.363195,-0.02588105,-0.01573563,True
7.374331,-0.02743673,-0.02112123,True
7.385365,-0.02764606,-0.02588686,True
7.396585,-0.01656437,-0.02588201,True
7.407664,-0.02132702,-0.02515921,True
7.418746,-0.0203979,-0.030027,True
7.429754,-0.01904893,-0.02526149,True
7.440955,-0.02785397,-0.02609387,True
7.452026,-0.01760125,-0.02940372,True
7.463278,-0.02153254,-0.01925543,True
7.474163,-0.01128292,-0.02121997,True
7.485461,-0.01004004,-0.01873481,True
7.496433,-0.01376581,-0.01852861,True
7.507529,-0.01076412,-0.01707801,True
7.518714,-0.0171833,-0.01904744,True
7.529834,-0.02101755,-0.02609095,True
7.540978,-0.01366854,-0.04017738,True
7.552229,-0.01460218,-0.04504868,True
7.563177,-0.01304865,-0.04649895,True
7.574236,-0.006731272,-0.0510551,True
7.585276,-0.006524086,-0.05115816,True
7.596361,-0.008597136,-0.06111327,True
7.607481,-0.02040672,-0.05583528,True
7.61874,-0.01688528,-0.05863199,True
7.629661,-0.019063,-0.06392378,True
7.640955,-0.03015065,-0.05833325,True
7.651924,-0.02703977,-0.05615184,True
7.663176,-0.02113032,-0.04878566,True
7.674104,-0.01905823,-0.05002797,True
7.685347,-0.02568579,-0.0414283,True
7.696324,-0.03459525,-0.03956848,True
7.707608,-0.04859972,-0.05046606,True
7.71853,-0.06364202,-0.05151501,True
7.729657,-0.07008576,-0.05899212,True
7.740813,-0.07099771,-0.04218459,True
7.75197,-0.06175232,-0.031187,True
7.763083,-0.04784584,-0.01802027,True
7.774117,-0.03550839,-0.006418675,True
7.785531,-0.0316751,-0.00434804,True
7.796341,-0.04100513,-0.01615405,True
7.807549,-0.07328629,-0.04571313,True
7.818478,-0.08118415,-0.05194521,True
7.82975,-0.07681751,-0.04810223,True
7.840748,-0.07765269,-0.05080119,True
7.852002,-0.0760932,-0.04955363,True
7.863134,-0.07785177,-0.0454056,True
7.874035,-0.07234168,-0.03803691,True
7.885183,-0.06942773,-0.03056955,True
7.896178,-0.06880617,-0.03181285,True
7.907355,-0.07222795,-0.02963728,True
7.918426,-0.07574916,-0.02538821,True
7.929551,-0.0742991,-0.0269427,True
7.940719,-0.0750277,-0.02901641,True
7.952,-0.07584596,-0.01989466,True
7.962804,-0.07261848,-0.01502132,True
7.974278,-0.08290386,-0.02165884,True
7.985146,-0.08342648,-0.0237323,True
7.996235,-0.08695841,-0.02653298,True
8.007395,-0.08664751,-0.02715525,True
8.018647,-0.08801293,-0.03711283,True
8.029527,-0.0956099,-0.04614586,True
8.040639,-0.09041381,-0.04458499,True
8.051706,-0.09352255,-0.04043618,True
8.063081,-0.0924803,-0.0383611,True
8.073931,-0.08687115,-0.03669801,True
8.085185,-0.09654832,-0.0488452,True
8.096166,-0.09530294,-0.04905158,True
8.107292,-0.09249377,-0.04686996,True
8.11839,-0.09115243,-0.05216146,True
8.129453,-0.0937171,-0.03358904,True
8.140945,-0.08976722,-0.03016454,True
8.151844,-0.09183788,-0.02653596,True
8.162942,-0.0928762,-0.02684715,True
8.17407,-0.08894181,-0.03327551,True
8.185012,-0.0940361,-0.03452474,True
8.19618,-0.09433496,-0.0302704,True
8.207177,-0.09121239,-0.02238867,True
8.218331,-0.08986092,-0.02342451,True
8.230418,-0.0831145,-0.02383626,True
8.240522,-0.08311617,-0.01896587,True
8.251633,-0.08351779,-0.01585451,True
8.262773,-0.08279324,-0.01637229,True
8.274215,-0.09420252,-0.01233232,True
8.284904,-0.09182,-0.01015615,True
8.296244,-0.08765507,-0.00673455,True
8.307274,-0.0744729,0.0002073646,True
8.318168,-0.0574708,0.003417134,True
8.32961,-0.05582237,0.01211724,True
8.34073,-0.0579896,0.00165689,True
8.35178,-0.05612302,-0.000828594,True
8.363022,-0.06048226,0.006938636,True
8.373879,-0.05083919,0.008386642,True
8.38507,-0.05156755,0.006937414,True
8.395947,-0.0390327,0.0147014,True
8.407207,-0.0372808,0.02609622,True
8.418242,-0.04090166,0.01698166,True
8.429456,-0.04598069,0.0191583,True
8.440424,-0.0571816,0.02558634,True
8.451589,-0.05946636,0.02911139,True
8.462655,-0.04878092,0.02133536,True
8.473878,-0.0514729,0.01615614,True
8.485148,-0.05302572,0.01449943,True
8.496055,-0.05301213,0.00258857,True
8.507143,-0.06586719,0.0002068281,True
8.518195,-0.06877375,0.003211051,True
8.529346,-0.06835461,-0.0006216466,True
8.540379,-0.06773925,0.005903959,True
8.551502,-0.0676446,0.01470941,True
8.562675,-0.06732917,0.01046166,True
8.573819,-0.06805301,0.00807941,True
8.584787,-0.06815696,0.00880444,True
8.596272,-0.07230449,0.008494437,True
8.607087,-0.08090425,0.007043898,True
8.618443,-0.07904673,0.008391172,True
8.629355,-0.06980991,0.008078724,True
8.640619,-0.06619811,0.01968279,True
8.651466,-0.06577754,0.02071688,True
8.66256,-0.06702757,0.02040896,True
8.673704,-0.05302763,0.01719242,True
8.685036,-0.05344772,0.02382314,True
8.695905,-0.04888177,0.02340502,True
8.707065,-0.04421806,0.01781154,True
8.718013,-0.04566956,0.01967597,True
8.729185,-0.04722309,0.01750129,True
8.740362,-0.04939938,0.01729488,True
8.751516,-0.049088,0.01636234,True
8.762535,-0.05500484,0.02662185,True
8.773902,-0.05168819,0.02682763,True
8.785029,-0.05490541,0.03159642,True
8.796042,-0.05531621,0.02714023,True
8.806972,-0.05553269,0.0363653,True
8.818027,-0.05800939,0.02341071,True
8.829237,-0.06278753,0.03180802,True
8.840235,-0.06663442,0.04041594,True
8.851371,-0.0658114,0.04705217,True
8.862552,-0.06694603,0.04010493,True
8.873528,-0.07204247,0.05203632,True
8.884681,-0.07390594,0.0483031,True
8.896104,-0.07162595,0.05037591,True
8.906903,-0.08054805,0.0476864,True
8.917987,-0.06716013,0.04767534,True
8.929106,-0.0740087,0.04799172,True
8.940206,-0.07349348,0.05048129,True
8.951576,-0.07027769,0.05182776,True
8.962473,-0.0594914,0.05575988,True
8.973595,-0.06104302,0.05088648,True
8.985028,-0.06104136,0.04881182,True
8.995674,-0.06135035,0.04673797,True
9.006863,-0.06061172,0.03367269,True
9.017997,-0.06071472,0.03367311,True
9.028996,-0.06413722,0.03357154,True
9.040184,-0.06404042,0.03937787,True
9.051302,-0.06019616,0.03356892,True
9.062485,-0.06496453,0.03035796,True
9.073548,-0.06683421,0.03388292,True
9.084712,-0.07181358,0.03357506,True
9.0959,-0.06673312,0.03492051,True
9.107015,-0.06829166,0.03782469,True
9.117824,-0.06891274,0.03647715,True
9.12961,-0.06570363,0.04394084,True
9.140307,-0.06829,0.04113978,True
9.151276,-0.06912231,0.0382399,True
9.162297,-0.06828094,0.02870077,True
9.173531,-0.06487083,0.0396893,True
9.184571,-0.06310534,0.03896147,True
9.195662,-0.06279135,0.03564382,True
9.206783,-0.05895185,0.03356826,True
9.217821,-0.05418158,0.03346193,True
9.2289,-0.05107117,0.03356385,True
9.240125,-0.05811667,0.0283851,True
9.251328,-0.06320453,0.03408891,True
9.262433,-0.06122804,0.02755791,True
9.273372,-0.06247187,0.02755839,True
9.284543,-0.06537557,0.02662671,True
9.295524,-0.06589031,0.02330977,True
9.306706,-0.06184316,0.02040738,True
9.317782,-0.04629731,0.02589297,True
9.32899,-0.04204607,0.02361178,True
9.339988,-0.0312736,0.02951264,True
9.351264,-0.03023696,0.02940851,True
9.362559,-0.03096318,0.03075588,True
9.373418,-0.03728414,0.03334892,True
9.38441,-0.03780437,0.03573281,True
9.395871,-0.0428791,0.03076112,True
9.406848,-0.04018331,0.02744454,True
9.418126,-0.03986883,0.02195323,True
9.429364,-0.03188777,0.01739365,True
9.440291,-0.03799963,0.015531,True
9.451037,-0.03002238,0.01418275,True
9.462272,-0.03924131,0.01304555,True
9.473372,-0.0156281,0.01117796,True
9.484405,-0.008071899,0.01221138,True
9.495475,0.002897024,0.02390802,True
9.506734,0.01874161,0.03561854,True
9.51772,0.02215743,0.03251201,True
9.528775,0.03707886,0.03614616,True
9.539987,0.02630258,0.0356226,True
9.551141,0.01407981,0.03105783,True
9.562068,0.004243135,0.02142352,True
9.573459,-0.004345655,0.008899152,True
9.584414,-0.009004593,0.01862991,True
9.595437,-0.01759672,0.01625085,True
9.606538,-0.01459455,0.0183208,True
9.617717,-0.01138592,0.02142602,True
9.628774,-0.01376796,0.02401584,True
9.639979,-0.01304269,0.023808,True
9.651042,-0.01252532,0.02339363,True
9.662452,0.05521846,0.03398007,True
9.673129,0.1164597,0.05771112,True
9.684283,0.1227298,0.05949569,True
9.695474,0.1248332,0.0663631,True
9.706588,0.1178231,0.06020933,True
9.717725,0.09810519,0.05392724,True
9.728896,0.04225993,0.03376579,True
9.739907,0.07089734,0.04923391,True
9.750976,0.09248972,0.04904437,True
9.762057,0.1053015,0.05903071,True
9.773326,0.1079013,0.05529922,True
9.784509,0.1040474,0.05726206,True
9.795465,0.08958721,0.05215466,True
9.8066,0.03987765,0.03656262,True
9.817525,0.03168488,0.02412564,True
9.82857,0.006210804,0.03012234,True
9.839963,-0.03094959,0.00331229,True
9.851014,-0.04866576,0.006315947,True
9.862077,-0.04928827,0.007972658,True
9.873096,-0.0474298,0.01667273,True
9.884356,-0.04515576,0.02527064,True
9.895337,-0.04101491,0.03241861,True
9.906417,0.03906035,0.05553359,True
9.917563,0.06645679,0.06915146,True
9.928662,0.07674623,0.07923502,True
9.940045,0.08070517,0.08827728,True
9.950934,0.06947517,0.07673329,True
9.961896,0.04135156,0.07213306,True
9.973678,-0.05253577,0.04973811,True
9.98422,-0.0572083,0.05461729,True
9.995934,-0.04631567,0.05274069,True
10.0065,-0.05191493,0.05129349,True
10.01812,-0.06228971,0.05348003,True
10.02851,-0.06146598,0.05928934,True
10.03997,-0.05710745,0.05814356,True
10.05083,-0.05036592,0.05875999,True
10.06179,-0.0474627,0.05917275,True
10.07328,-0.0518198,0.06062883,True
10.08408,-0.04756594,0.05844665,True
10.09524,-0.04828954,0.05730551,True
10.10634,-0.05213356,0.06498557,True
10.1174,-0.05566192,0.06540561,True
10.12856,-0.05285978,0.06498677,True
10.13961,-0.05244565,0.06529748,True
10.1509,-0.05338025,0.06592184,True
10.16206,-0.06395841,0.06147051,True
10.17309,-0.06271434,0.06281787,True
10.18396,-0.06427455,0.06593329,True
10.19544,-0.07537484,0.06158549,True
10.20626,-0.07682657,0.06034136,True
10.21743,-0.08554888,0.06066179,True
10.22846,-0.09095597,0.06585753,True
10.24008,-0.09085584,0.06720823,True
10.25084,-0.08701444,0.06959116,True
10.26178,-0.0868144,0.07426369,True
10.27291,-0.09220767,0.06907833,True
10.28399,-0.1065688,0.06796741,True
10.29503,-0.1186767,0.06863105,True
10.30624,-0.1267202,0.06865752,True
10.31736,-0.1241016,0.06563359,True
10.32845,-0.1294367,0.06741881,True
10.33954,-0.1146231,0.07849169,True
10.35108,-0.1119075,0.07713109,True
10.36177,-0.1061709,0.07897943,True
10.37322,-0.1000028,0.06991911,True
10.38402,-0.1022043,0.07678282,True
10.39532,-0.103362,0.08260638,True
10.40628,-0.1060981,0.09665149,True
10.41733,-0.1082839,0.09281439,True
10.42845,-0.09908009,0.1129965,True
10.4396,-0.09740818,0.1118435,True
10.45065,-0.1012741,0.1133233,True
10.4623,-0.09855211,0.1116369,True
10.47293,-0.103771,0.1115612,True
10.48438,-0.09397435,0.1112118,True
10.49506,-0.09040236,0.1030656,True
10.50679,-0.08022523,0.1052371,True
10.51754,-0.09269309,0.1039036,True
10.52838,-0.09165418,0.1041101,True
10.53965,-0.09287369,0.09702456,True
10.55066,-0.1003535,0.09163606,True
10.56188,-0.09941292,0.09131908,True
10.57282,-0.09161878,0.09224141,True
10.58437,-0.09025967,0.08611035,True
10.59543,-0.09005785,0.08985019,True
10.6066,-0.08392394,0.08703607,True
10.6176,-0.09515238,0.09172833,True
10.62836,-0.09379673,0.08923155,True
10.63953,-0.09567583,0.09463835,True
10.65057,-0.09349167,0.09307706,True
10.66197,-0.09765482,0.09630561,True
10.67278,-0.09900427,0.09558004,True
10.68388,-0.09804785,0.08269185,True
10.69522,-0.09586966,0.08559769,True
10.7061,-0.09983909,0.09631056,True
10.71729,-0.09682059,0.09464163,True
10.72828,-0.09975004,0.1003727,True
10.73957,-0.101182,0.08935177,True
10.75062,-0.09254944,0.08871043,True
10.76169,-0.09826338,0.08716059,True
10.77275,-0.1021496,0.1006966,True
10.78425,-0.09859061,0.09692997,True
10.79516,-0.09370422,0.09609044,True
10.80666,-0.09235752,0.09889621,True
10.81781,-0.101921,0.09382522,True
10.82823,-0.115312,0.1021188,True
10.83943,-0.1362733,0.08544326,True
10.85043,-0.1481185,0.09163803,True
10.86162,-0.1452969,0.09433389,True
10.87264,-0.1368902,0.08128178,True
10.88369,-0.1239308,0.08445585,True
10.89496,-0.09753013,0.08435321,True
10.90614,-0.07550776,0.08453143,True
10.917,-0.07488644,0.08629584,True
10.92828,-0.07934999,0.08505553,True
10.93933,-0.07955801,0.084952,True
10.95043,-0.0809176,0.09201777,True
10.96146,-0.07873547,0.09087259,True
10.97284,-0.07238853,0.08141088,True
10.98385,-0.07965505,0.0797593,True
10.99479,-0.07415056,0.07912844,True
11.00593,-0.08547676,0.08309084,True
11.01701,-0.08215451,0.08547437,True
11.02815,-0.07415593,0.08380115,True
11.03916,-0.07540894,0.08930862,True
11.05033,-0.07271028,0.08992821,True
11.06163,-0.070629,0.08701617,True
11.07272,-0.0734247,0.08006209,True
11.08362,-0.08089805,0.07799411,True
11.0947,-0.08661258,0.07893652,True
11.10617,-0.07737744,0.08515704,True
11.11689,-0.07341564,0.07227504,True
11.12821,-0.06635165,0.06780314,True
11.13921,-0.0705018,0.06593943,True
11.15049,-0.07205784,0.06542194,True
11.16138,-0.07277596,0.05774397,True
11.17255,-0.07027721,0.05151653,True
11.18366,-0.08107221,0.05173296,True
11.19495,-0.08075452,0.04644132,True
11.20587,-0.08647716,0.05640715,True
11.21746,-0.08128881,0.0581671,True
11.22801,-0.0828445,0.05661172,True
11.2396,-0.08918607,0.06263775,True
11.25037,-0.08648872,0.06419241,True
11.2615,-0.08752453,0.06222087,True
11.27247,-0.0777669,0.06501335,True
11.2838,-0.07725155,0.06843787,True
11.29459,-0.07497084,0.07061565,True
11.306,-0.07579672,0.06646466,True
11.31689,-0.0780797,0.06574035,True
11.32802,-0.07858288,0.05318356,True
11.33913,-0.07754707,0.05494648,True
11.35014,-0.07650495,0.05131453,True
11.36139,-0.07597744,0.04519296,True
11.37255,-0.08085775,0.04581898,True
11.38353,-0.08698142,0.0457198,True
11.39465,-0.09954202,0.04199445,True
11.40613,-0.09726858,0.04946327,True
11.41691,-0.1016415,0.0525834,True
11.42787,-0.09686887,0.05973947,True
11.43926,-0.08991325,0.06274241,True
11.4503,-0.08701456,0.06990212,True
11.46138,-0.08743155,0.07083702,True
11.47244,-0.08317471,0.0711441,True
11.48357,-0.08151269,0.07072735,True
11.49506,-0.08264554,0.06439543,True
11.50587,-0.0776614,0.06324875,True
11.51693,-0.07319927,0.06542319,True
11.52806,-0.0723685,0.06469613,True
11.53902,-0.07174087,0.05981827,True
11.55012,-0.07173741,0.05743164,True
11.5613,-0.07287931,0.05712163,True
11.57238,-0.07368982,0.04031718,True
11.58338,-0.07307148,0.04415357,True
11.59478,-0.07442176,0.04571056,True
11.60571,-0.07535243,0.04259962,True
11.61688,-0.07680345,0.04083747,True
11.62775,-0.07742274,0.03845221,True
11.63933,-0.07971168,0.04353571,True
11.65009,-0.07825089,0.03596419,True
11.66119,-0.07639313,0.04519331,True
11.67239,-0.07388926,0.0334729,True
11.68348,-0.07399082,0.03202116,True
11.69443,-0.07441306,0.03824288,True
11.70557,-0.07378912,0.03720552,True
11.71672,-0.07160819,0.03481948,True
11.72784,-0.07170975,0.03305674,True
11.73893,-0.06496334,0.02973598,True
11.75023,-0.06289065,0.03128982,True
11.76115,-0.06257308,0.0248636,True
11.77238,-0.06755149,0.02507281,True
11.78345,-0.06174314,0.0243454,True
11.79471,-0.0591538,0.02703869,True
11.80564,-0.05531836,0.02910906,True
11.81683,-0.05521977,0.03439564,True
11.82779,-0.05407786,0.03356516,True
11.83908,-0.05542684,0.03408498,True
11.84987,-0.05573535,0.03180414,True
11.86115,-0.05563486,0.03501791,True
11.87248,-0.05356061,0.03449786,True
11.88326,-0.05439627,0.04123724,True
11.89433,-0.05139971,0.0546127,True
11.90579,-0.05771172,0.1159423,True
11.91682,-0.02539074,0.08404863,True
11.92775,-0.007038236,0.01925039,True
11.93883,-0.1450232,-0.06144005,True
11.94991,-0.1352004,-0.148648,True
11.96102,0.09209549,-0.05652249,True
11.97238,0.09029078,-0.1453177,True
11.98324,-0.1162308,-0.08849806,True
11.99436,-0.1084592,-0.231889,True
12.00549,-0.1120905,-0.1391503,True
12.01659,-0.07569647,-0.1132843,True
12.02764,-0.2174681,-0.1066432,True
12.0388,-0.05451441,-0.05233794,True
12.04992,-0.1554716,-0.01454937,True
12.06134,-0.1303786,-0.01858073,True
12.072,0.0894134,0.07603186,True
12.08359,-0.02609968,0.04536366,True
12.09435,-0.1113008,-0.02914733,True
12.1056,0.037058,-0.0009316802,True
12.1164,0.05565131,0.05513316,True
12.1279,0.0707792,0.03637385,True
12.13878,-0.0535326,0.0003105998,True
12.14977,-0.05509102,-0.006006241,True
12.1611,-0.05543244,-0.03688568,True
12.17254,-0.1178988,-0.1832122,True
12.18335,0.1921571,-0.508632,False
12.19417,0.3032917,-0.8622935,False
12.20538,0.08781207,-1.600162,False
12.2166,0.1088824,-2.001472,False
12.22753,0.1945376,-2.567749,False
12.23934,0.08064127,-3.215909,False
12.25,0.0103538,-3.275063,False
12.26105,-0.05552745,-3.353555,False
12.27238,-0.02822208,-3.333217,False
12.28324,0.02033114,-3.379928,False
12.29419,-0.001713514,-3.371836,False
12.30539,0.02684784,-3.398249,False
12.31641,0.04146242,-3.409816,False
12.32758,0.03949594,-3.408425,False
12.33863,0.03141046,-3.41412,False
12.34971,0.02760625,-3.413816,False
12.361,0.02331448,-3.415756,False
12.37239,0.02613831,-3.416791,False
12.38301,0.02503633,-3.419515,False
12.39419,0.02970076,-3.419638,False
12.40539,0.02639341,-3.423826,False
12.4163,0.03253126,-3.42358,False
12.42753,0.03007841,-3.425464,False
12.43891,0.02823973,-3.426981,False
12.4499,0.02725077,-3.422492,False
12.46079,0.03535366,-3.422974,False
12.47206,0.03217626,-3.431656,False
12.4831,0.04150009,-3.42716,False
12.49403,0.03635168,-3.431656,False
12.50532,0.03783345,-3.43542,False
12.51637,0.0366199,-3.44326,False
12.52764,0.02753997,-3.452513,False
12.53854,0.02533317,-3.457929,False
12.54968,0.03466964,-3.451963,False
12.56086,0.03196621,-3.452694,False
12.5729,0.03453422,-3.444599,False
12.58304,0.03650165,-3.445209,False
12.59418,0.05113387,-3.44837,False
12.6053,0.05527925,-3.436513,False
12.6162,0.05663919,-3.439246,False
12.62742,0.05625415,-3.433838,False
12.63861,0.06063771,-3.421875,False
12.64955,0.05966353,-3.424246,False
12.66085,0.06148076,-3.41678,False
12.67213,0.05456758,-3.402241,False
12.68318,0.05665326,-3.40327,False
12.69401,0.06636691,-3.375147,False
12.70517,0.04259944,-3.370567,False
12.71614,0.04638815,-3.367366,False
12.72733,0.03474593,-3.359709,False
12.73846,0.0406096,-3.355307,False
12.74963,0.03804755,-3.358563,False
12.7608,0.03363991,-3.356754,False
12.77183,0.01712847,-3.359833,False
12.78287,0.03046751,-3.361762,False
12.79437,0.03010607,-3.365378,False
12.80525,0.02938199,-3.371771,False
12.81634,0.03122282,-3.374852,False
12.82734,0.02179408,-3.373951,False
12.83858,0.04074359,-3.360915,False
12.84946,0.04148507,-3.364048,False
12.86076,0.04137778,-3.37117,False
12.87177,0.04099846,-3.365681,False
12.88276,0.03867412,-3.365978,False
12.8939,0.03990364,-3.368515,False
12.91096,0.04015064,-3.369539,False
12.91605,0.04531479,-3.379598,False
12.92429,0.04152298,-3.381737,False
12.93545,0.04164386,-3.380832,False
12.94654,0.04226685,-3.385606,False
12.95762,0.04263234,-3.384698,False
12.96881,0.0442152,-3.380283,False
12.98005,0.04725909,-3.3734,False
12.99111,0.04678559,-3.379805,False
13.00201,0.05560279,-3.37938,False
13.01324,0.05793285,-3.380285,False
13.02434,0.05779243,-3.374487,False
13.03532,0.05877113,-3.374062,False
13.04648,0.05779362,-3.374912,False
13.05764,0.06012321,-3.375571,False
13.06877,0.06186509,-3.384212,False
13.07988,0.06136394,-3.380769,False
13.09102,0.05634546,-3.381918,False
13.10211,0.05684257,-3.383909,False
13.11349,0.05476665,-3.386693,False
13.12442,0.05476665,-3.386692,False
13.13545,0.05047536,-3.385362,False
13.14676,0.05218124,-3.382342,False
13.15757,0.05413914,-3.381618,False
13.16866,0.04936385,-3.381919,False
13.17978,0.04238153,-3.381916,False
13.19075,0.04395938,-3.375816,False
13.20228,0.04418755,-3.368634,False
13.21313,0.04357815,-3.369842,False
13.22412,0.04393697,-3.365856,False
13.23531,0.05016494,-3.360671,False
13.24646,0.05397224,-3.365978,False
13.25771,0.05741262,-3.370199,False
13.2687,0.05275917,-3.369598,False
13.28019,0.0509243,-3.370019,False
13.29139,0.05202746,-3.370624,False
13.3028,0.04947257,-3.376722,False
13.31385,0.04655123,-3.383728,False
13.3252,0.05008602,-3.377023,False
13.33654,0.04358745,-3.373883,False
13.34776,0.04088855,-3.37117,False
13.3591,0.03898978,-3.400546,False
13.37031,0.04713726,-3.422548,False
13.38208,0.04873753,-3.424489,False
13.39289,0.04618669,-3.435603,False
13.40427,0.06265903,-3.439247,False
13.41551,0.05417848,-3.438155,False
13.42677,0.05380702,-3.437243,False
13.43809,0.05441999,-3.436693,False
13.44935,0.05405021,-3.436208,False
13.46051,0.05884337,-3.437122,False
13.4715,0.05648637,-3.429041,False
13.4826,0.05695271,-3.421089,False
13.49377,0.05645108,-3.417207,False
13.50493,0.0499649,-3.424369,False
13.5163,0.0509522,-3.426431,False
13.52696,0.05094028,-3.421817,False
13.5384,0.04946685,-3.421516,False
13.5492,0.04639363,-3.419878,False
13.56033,0.0453949,-3.413089,False
13.57143,0.04797769,-3.415387,False
13.58251,0.04859591,-3.41715,False
13.59352,0.04577589,-3.41806,False
13.60478,0.04819131,-3.403213,False
13.61621,0.04990697,-3.402665,False
13.62681,0.05175018,-3.403998,False
13.63825,0.04495883,-3.384274,False
13.64919,0.04717755,-3.389654,False
13.66032,0.04766726,-3.389231,False
13.67143,0.05990744,-3.384936,False
13.68246,0.05702734,-3.364228,False
13.69398,0.05754757,-3.374363,False
13.70478,0.05789161,-3.366638,False
13.71589,0.05494261,-3.3626,False
13.72691,0.05726981,-3.363505,False
13.73819,0.05481982,-3.362601,False
13.74913,0.05430484,-3.353556,False
13.76023,0.05923271,-3.365134,False
13.77166,0.05917335,-3.345603,False
13.78276,0.05465221,-3.346993,False
13.79372,0.05257058,-3.345547,False
13.80473,0.05244732,-3.345545,False
13.8157,0.0512228,-3.344222,False
13.82675,0.05280495,-3.342116,False
13.83802,0.05135441,-3.348196,False
13.84919,0.05278087,-3.333272,False
13.86011,0.04898643,-3.330572,False
13.87137,0.04213119,-3.323781,False
13.88237,0.04200768,-3.323479,False
13.89366,0.04125953,-3.316096,False
13.9047,0.04090571,-3.321859,False
13.91573,0.04052401,-3.314653,False
13.92769,0.04135704,-3.304756,False
13.93874,0.05118752,-3.285405,False
13.94971,0.05179477,-3.284387,False
13.96073,0.05253196,-3.286599,False
13.97183,0.05077195,-3.266214,False
13.98296,0.04989028,-3.254391,False
13.99407,0.05037785,-3.254811,False
14.00594,0.0531292,-3.237461,False
14.01617,-0.1769726,-3.077898,False
14.02715,-0.2969105,-3.111642,False
14.03839,-0.5013218,-2.990727,False
14.04964,-0.493161,-3.008225,False
14.06032,-0.5001206,-2.970911,False
14.07154,-0.4906006,-2.945765,False
14.08279,-0.4870248,-2.973363,False
14.09356,-0.4794283,-2.968514,False
14.10474,-0.4863358,-2.974881,False
14.11593,-0.4890757,-2.973293,False
14.12676,-0.4854937,-2.959458,False
14.13807,-0.4862788,-2.956955,False
14.14907,-0.4835951,-2.965866,False
14.16024,-0.4832332,-2.971407,False
14.1712,-0.6787779,-2.890383,False
14.1824,-1.061552,-2.746567,False
14.19348,-1.459812,-2.713477,False
14.2047,-2.831446,-1.976112,False
14.2157,-2.982696,-1.950576,False
14.22669,-3.418215,-1.748167,False
14.2381,-3.571228,-1.699587,False
14.24895,-3.554456,-1.684615,False
14.26027,-3.630925,-1.731255,False
14.27136,-3.55769,-1.792965,False
14.2826,-3.568895,-1.736371,False
14.29352,-3.555517,-1.71912,False
14.30474,-3.567514,-1.733727,False
14.31615,-3.569798,-1.724944,False
14.32736,-3.574589,-1.724604,False
14.33873,-3.874195,-1.660608,False
14.34942,-4.018538,-1.661139,False
14.36056,-4.0151,-1.608032,False
14.37202,-4.048427,-1.586869,False
14.38277,-4.047637,-1.594314,False
14.39459,-4.031584,-1.604485,False
14.4051,-4.031518,-1.589467,False
14.41592,-4.030201,-1.575536,False
14.42699,-4.038713,-1.581013,False
14.43801,-4.049448,-1.575173,False
14.44898,-4.053936,-1.573311,False
14.46019,-4.05674,-1.576235,False
14.47133,-4.059228,-1.573108,False
14.48233,-4.059144,-1.578198,False
14.49348,-4.060454,-1.576183,False
14.50469,-4.110764,-1.522315,False
14.51592,-4.216479,-1.465827,False
14.52677,-4.183439,-1.523477,False
14.53798,-4.197361,-1.494632,False
14.54919,-4.183413,-1.509503,False
14.56008,-4.183774,-1.523374,False
14.57117,-4.195381,-1.515279,False
14.58243,-4.206474,-1.525159,False
14.59368,-4.199841,-1.516234,False
14.60493,-4.197335,-1.509806,False
14.61615,-4.188316,-1.514525,False
14.62706,-4.179187,-1.509932,False
14.63825,-4.194651,-1.51011,False
14.64954,-4.204876,-1.493133,False
14.66038,-4.206011,-1.508972,False
14.67179,-4.212089,-1.515048,False
14.6826,-4.207569,-1.515164,False
14.6934,-4.198684,-1.515187,False
14.70513,-4.202628,-1.524544,False
14.71574,-4.211443,-1.523585,False
14.72725,-4.217237,-1.522902,False
14.73808,-4.215678,-1.516576,False
14.7489,-4.21379,-1.516934,False
14.75968,-4.213496,-1.520016,False
14.77098,-4.222143,-1.526321,False
14.78197,-4.220485,-1.518213,False
14.79302,-4.215547,-1.517359,False
14.80489,-4.221138,-1.516255,False
14.81531,-4.221163,-1.507764,False
14.82639,-4.219426,-1.508699,False
14.83741,-4.22023,-1.507842,False
14.8487,-4.217181,-1.507413,False
14.85999,-4.213818,-1.507925,False
14.87084,-4.230531,-1.489506,False
14.88189,-4.226341,-1.489003,False
14.89305,-4.221491,-1.484792,False
14.90422,-4.224586,-1.478481,False
14.91514,-4.219505,-1.465281,False
14.92631,-4.120288,-1.559538,False
14.93761,-3.758563,-1.442418,False
14.94847,-3.556212,-1.350893,False
14.95973,-2.921144,-0.9789822,False
14.97085,-2.529099,-1.530959,False
14.98192,-2.379717,-1.002453,False
14.99314,-2.382824,-1.43645,False
15.0042,-2.017365,-1.508851,False
15.01531,-1.791966,-1.143109,False
15.02632,-1.796436,-1.104715,False
15.03737,-1.558393,-1.090981,False
15.04856,-1.54642,-1.076425,False
15.05956,-1.526646,-1.006655,False
15.07087,-1.478198,-0.9654243,False
15.08184,-1.355603,-0.9424657,False
15.09323,-1.539927,-0.9508809,False
15.10393,-1.390264,-0.9024233,False
15.11508,-1.672313,-0.8599073,False
15.1262,-1.358174,-0.9267848,False
15.13748,-1.373563,-0.9593281,False
15.14837,-1.30812,-0.9486622,False
15.15966,-1.307855,-0.9726094,False
15.17093,-1.315678,-0.9661837,False
15.18186,-1.316579,-0.9592615,False
15.19289,-1.329134,-0.967896,False
15.20399,-1.424722,-0.967319,False
15.215,-1.335553,-0.9614358,False
15.22628,-1.348148,-0.8791968,False
15.23723,-1.344559,-0.9434801,False
15.24846,-1.340759,-0.911823,False
15.25948,-1.330518,-0.9371348,False
15.2707,-1.320553,-0.9385242,False
15.28188,-1.327858,-0.9386984,False
15.29319,-1.327103,-0.9418001,False
15.30379,-1.332298,-0.9320957,False
15.31522,-1.334151,-0.9366384,False
15.32626,-1.339007,-0.9379101,False
15.33756,-1.345305,-0.9453468,False
15.34832,-1.34348,-0.9382398,False
15.35949,-1.339504,-0.9387355,False
15.37066,-1.318316,-0.9728544,False
15.38203,-1.1477,-0.9833076,False
15.39284,-0.8107915,-0.9158867,False
15.40403,-0.0006716251,-0.9354115,False
15.41517,0.2884296,-0.5891294,False
15.42605,0.7136799,-0.8215079,False
15.43715,1.355358,-0.7798808,False
15.44836,1.618974,-0.8268903,False
15.45937,1.97964,-0.8747414,False
15.47056,2.323758,-1.131644,False
15.48187,2.608832,-1.401075,False
15.49286,2.691449,-1.410667,False
15.50379,3.575753,-1.858855,False
15.51501,3.940738,-1.972058,False
15.52631,4.080407,-2.124436,False
15.53717,4.12588,-2.292773,False
15.54834,4.197046,-2.39458,False
15.55946,4.340424,-2.454448,False
15.5707,4.463776,-2.490871,False
15.58156,4.452881,-2.527393,False
15.59272,4.462743,-2.564892,False
15.604,4.473805,-2.542022,False
15.61504,4.444505,-2.549012,False
15.62598,4.417488,-2.58805,False
15.63734,4.45431,-2.550991,False
15.64833,4.426112,-2.552201,False
15.65932,4.405065,-2.555004,False
15.67066,4.416266,-2.539017,False
15.68167,4.42296,-2.540058,False
15.69265,4.412903,-2.54335,False
15.70392,4.398314,-2.53995,False
15.71517,4.392911,-2.533618,False
15.72612,4.385026,-2.53407,False
15.73763,4.148667,-2.204426,False
15.74827,3.977536,-1.703312,False
15.75933,3.553759,-1.50043,False
15.77043,2.508373,-0.4289286,False
15.78177,2.285845,-0.1191256,False
15.79301,1.959518,0.058671,False
15.80387,1.376535,0.4136287,False
15.81477,1.123834,0.3206444,False
15.82631,1.135952,0.4491984,False
15.83695,1.165319,0.403348,False
15.84807,1.130467,0.3463972,False
15.85918,1.116538,0.4063182,False
15.87039,1.178996,0.4070861,False
15.88147,1.303441,0.2945468,False
15.89254,1.150181,0.5182666,False
15.90366,0.6791184,1.205135,False
15.91521,0.1493498,1.429866,False
15.92586,-0.1785684,1.522772,False
15.93707,-0.3382306,1.688526,False
15.94827,-1.04913,1.918939,False
15.95921,-1.444065,2.101185,False
15.97036,-1.983184,2.244443,False
15.98153,-2.146368,2.349802,False
15.99246,-2.559215,2.545825,False
16.00414,-2.876238,2.501441,False
16.01469,-2.894776,2.392792,False
16.02594,-2.937546,2.192432,False
16.037,-2.98085,2.264241,False
16.04808,-2.882672,2.265142,False
16.05918,-2.869524,2.2402,False
16.07038,-2.920147,2.264014,False
16.08133,-2.951642,2.261224,False
16.09252,-2.939523,2.230639,False
16.10391,-2.907808,2.15031,False
16.11509,-2.894953,2.132742,False
16.12573,-2.895771,2.128065,False
16.13696,-2.887969,2.136184,False
16.14798,-2.891557,2.136796,False
16.15913,-2.882977,2.129543,False
16.17036,-2.891718,2.119535,False
16.18134,-2.897765,2.099025,False
16.19236,-2.891918,2.116222,False
16.20355,-3.489676,1.832568,False
16.21471,-3.983956,1.506578,False
16.22578,-4.100026,1.134014,False
16.23687,-4.584399,0.3039604,False
16.24796,-4.477975,0.07981837,False
16.25918,-4.524381,0.08292353,False
16.27029,-4.487982,-0.01944584,False
16.28122,-4.467969,-0.0175969,False
16.29242,-4.446308,-0.02447289,False
16.30353,-4.427183,-0.05590773,False
16.31449,-4.429637,-0.05006355,False
16.32581,-4.439954,-0.03487241,False
16.33704,-4.461599,-0.03309327,False
16.34781,-4.400011,-0.08437294,False
16.35893,-4.513109,-0.08090609,False
16.37021,-3.694833,-0.9009932,False
16.38128,-3.144774,-1.199851,False
16.39229,-2.855205,-1.431666,False
16.4034,-2.876698,-1.454082,False
16.4148,-2.917945,-1.485649,False
16.42558,-2.955088,-1.477911,False
16.43678,-2.905095,-1.428355,False
16.44789,-2.820454,-1.399214,False
16.45898,-2.890969,-1.351787,False
16.47015,-2.819521,-1.418903,False
16.48112,-2.829415,-1.431187,False
16.49228,-2.834546,-1.438184,False
16.50364,-2.863907,-1.444034,False
16.51446,-2.859624,-1.440735,False
16.52557,-2.864421,-1.437674,False
16.53671,-2.866374,-1.446969,False
16.54786,-2.857979,-1.457458,False
16.55892,-2.863585,-1.449154,False
16.57027,-2.860286,-1.453088,False
16.58126,-2.854717,-1.453452,False
16.59239,-2.85733,-1.45464,False
16.60338,-2.844781,-1.462067,False
16.61443,-2.844539,-1.462067,False
16.62589,-2.830868,-1.467402,False
16.63666,-2.840568,-1.465051,False
16.64777,-2.84942,-1.467677,False
16.65895,-2.84866,-1.474281,False
16.67004,-2.828053,-1.474121,False
16.68637,-2.82977,-1.485556,False
16.69228,-2.829819,-1.485581,False
16.70324,-2.819066,-1.485322,False
16.71441,-2.806472,-1.493238,False
16.72578,-2.806667,-1.492243,False
16.73665,-2.802722,-1.468646,False
16.74763,-2.790503,-1.461037,False
16.75885,-2.785619,-1.459849,False
16.77,-2.778098,-1.472117,False
16.78101,-2.777366,-1.468052,False
16.79241,-2.772377,-1.463718,False
16.80334,-2.770236,-1.45755,False
16.8143,-2.758463,-1.458395,False
16.82545,-2.781355,-1.46982,False
16.83654,-2.772043,-1.463184,False
16.84773,-2.752944,-1.489229,False
16.85868,-2.755837,-1.493542,False
16.86998,-2.753582,-1.492764,False
16.88116,-2.74839,-1.487651,False
16.89245,-2.741843,-1.486454,False
16.90313,-2.726618,-1.497581,False
16.91433,-2.721169,-1.494451,False
16.92546,-2.717535,-1.492851,False
16.93677,-2.714347,-1.503894,False
16.94764,-2.713583,-1.49357,False
16.95876,-2.709912,-1.50497,False
16.96985,-2.71619,-1.539161,False
16.98088,-2.709731,-1.537562,False
16.99216,-2.69277,-1.614404,False
17.00324,-2.720918,-1.609639,False
17.01416,-2.725811,-1.570381,False
17.02538,-2.306973,-1.296507,False
17.03686,-1.399126,-0.7251378,False
17.04745,-1.008591,-0.5547932,False
17.05864,-0.4696884,-0.6453627,False
17.06985,-0.1953434,-0.2492896,True
17.08093,-0.1922648,-0.2667652,True
17.09195,-0.1473908,-0.2843447,True
17.10309,-0.1775315,-0.343667,True
17.11427,-0.1627836,-0.3666913,True
17.12531,-0.2038422,-0.3546103,True
17.13659,-0.02350295,-0.2284474,True
17.1475,0.003966212,-0.221675,True
17.15867,0.01775777,-0.2292814,True
17.16976,0.01274192,-0.2280926,True
17.18085,0.01461124,-0.2195843,True
17.19212,-0.002295136,-0.2181602,True
17.20297,-0.1544119,-0.3175085,True
17.21418,-0.1913059,-0.3521689,True
17.22546,-0.1875668,-0.3383868,True
17.23627,-0.1602318,-0.2987962,True
17.24752,-0.1289691,-0.2744534,True
17.25863,-0.113287,-0.2629008,True
17.26974,-0.126223,-0.274957,True
17.28078,-0.1355343,-0.2804409,True
17.29194,-0.1270468,-0.2800924,True
17.30315,0.1145993,-0.1563757,True
17.31414,0.04136765,-0.08470672,True
17.32521,-0.01119411,-0.09442633,True
17.33625,0.01763809,-0.1165147,True
17.34768,0.03372467,-0.1140419,True
17.3585,0.05607533,-0.1216007,True
17.3697,0.06942403,-0.1029423,True
17.38083,0.0904758,-0.08165658,True
17.39196,0.08402038,-0.0734399,True
17.40287,0.1522228,-0.01319611,True
17.414,0.1937447,0.005621672,True
17.42514,0.1991415,0.01010245,True
17.4363,0.2054272,-0.01834369,True
17.44743,0.2034084,-0.04358035,True
17.45846,0.1931311,-0.07170784,True
17.46961,0.1242707,-0.1100237,True
17.48076,0.1140188,-0.109549,True
17.49182,0.1127667,-0.109857,True
17.50308,0.106308,-0.1333532,True
17.51439,0.1105721,-0.1288788,True
17.52519,0.1096147,-0.1260464,True
17.53623,0.1035302,-0.121721,True
17.54733,0.1086513,-0.1220642,True
17.55844,0.1098821,-0.1173665,True
17.56954,0.1050671,-0.1158752,True
17.58072,0.1038227,-0.1176452,True
17.59169,0.104576,-0.1218317,True
17.60318,0.09845102,-0.1081085,True
17.614,0.09921038,-0.1140658,True
17.625,0.102203,-0.1071884,True
17.63616,0.1056792,-0.1133689,True
17.64739,0.1070399,-0.1135873,True
17.65864,0.1099529,-0.1113041,True
17.66963,0.1137663,-0.1203175,True
17.68073,0.1157857,-0.1260846,True
17.69201,0.1732465,-0.1088268,True
17.70274,0.2464122,-0.08545381,True
17.714,0.2528211,-0.08340091,True
17.72501,0.2622342,-0.08042133,True
17.73615,0.2452103,-0.08030564,True
17.74721,0.2338057,-0.08504885,True
17.7584,0.1901749,-0.1074494,True
17.76946,0.1456221,-0.1222892,True
17.78177,0.1418505,-0.1231037,True
17.79211,0.1412411,-0.1109533,True
17.80287,0.1472727,-0.1040798,True
17.81451,0.1478832,-0.1014682,True
17.82489,0.1482821,-0.09854221,True
17.83602,0.1512035,-0.09677923,True
17.84716,0.144816,-0.09758413,True
17.85847,0.147539,-0.09718049,True
17.8694,0.144408,-0.09915078,True
17.88063,0.1464071,-0.1001018,True
17.89167,0.1471854,-0.106382,True
17.90311,0.1506814,-0.1112153,True
17.91381,0.1473571,-0.1156992,True
17.9252,0.148422,-0.1176962,True
17.93606,0.1471127,-0.1397101,True
17.94716,0.1472309,-0.1413916,True
17.95827,0.1489072,-0.1408777,True
17.96957,0.1487681,-0.1507503,True
17.98058,0.148421,-0.146335,True
17.99156,0.1474779,-0.1466439,True
18.0028,0.1408129,-0.1247739,True
18.01402,0.1514834,-0.1341772,True
18.02485,0.1493455,-0.1291276,True
18.03597,0.1462131,-0.1313103,True
18.04722,0.1435342,-0.1236392,True
18.0582,0.1433686,-0.1299277,True
18.06936,0.1431589,-0.1299266,True
18.08045,0.1378837,-0.1410115,True
18.09146,0.1381359,-0.147102,True
18.10263,0.1394658,-0.1421759,True
18.11383,0.1436642,-0.1274122,True
18.12504,0.143787,-0.1297212,True
18.13602,0.1465874,-0.1396021,True
18.1471,0.1417036,-0.1319098,True
18.15816,0.1426108,-0.1413598,True
18.16926,0.1503874,-0.1421484,True
18.18044,0.1444898,-0.1399031,True
18.19164,0.1372974,-0.1318802,True
18.20253,0.134617,-0.1387851,True
18.21381,0.1345226,-0.1403578,True
18.22507,0.1373478,-0.1394323,True
18.23597,0.1319834,-0.1530429,True
18.24693,0.1388087,-0.1534101,True
18.25809,0.1307203,-0.1522986,True
18.26923,0.133062,-0.1416067,True
18.28061,0.1428447,-0.1598518,True
18.29143,0.1024004,-0.1664653,True
18.30257,0.05894673,-0.1802767,True
18.314,0.05303621,-0.1923471,True
18.3246,0.05561948,-0.1837331,True
18.33585,0.0923562,-0.1643039,True
18.34691,0.1235734,-0.1498297,True
18.35826,0.1524605,-0.1384867,True
18.36912,0.1469715,-0.1347759,True
18.38047,0.1456463,-0.1401206,True
18.39131,0.1445848,-0.1384345,True
18.40252,0.1445587,-0.1349703,True
18.41365,0.1396377,-0.1367206,True
18.42479,0.1413217,-0.1224726,True
18.43618,0.1474636,-0.1447515,True
18.44686,0.1487536,-0.1486496,True
18.45797,0.1469642,-0.1483203,True
18.46921,0.1490381,-0.1589532,True
18.48029,0.1485904,-0.155269,True
18.49137,0.1492505,-0.1593751,True
18.50247,0.1500061,-0.1473981,True
18.51359,0.14956,-0.1584311,True
18.52507,0.1434972,-0.1630126,True
18.53602,0.138007,-0.1589741,True
18.54703,0.1409229,-0.1556306,True
18.55801,0.1405468,-0.1619371,True
18.56903,0.1444113,-0.158602,True
18.58027,0.1409687,-0.16215,True
18.59143,0.1387284,-0.1571905,True
18.60243,0.1378138,-0.1615998,True
18.61395,0.1371875,-0.162225,True
